
ID: AX02356

cn: 793, 0.07, 2.7, 33, 5.15, 151, 184, 20, 5.99, 0.09, 439, 7.2, 2, 22, 0.06, 8334.74, 
c: -7, -5, -5, -7, -7, -3, -0.3, -5.4, -3, -0.7, -10, -10, -7.1, -5, -9, -9.5, -8, -7.5, -6, -4, -3, -7, -10, -8, -5, -10, -10, -10, -6, -2, 1, 1, -7.2, -7.2, -5, -7.5, -6, 100, 100, 100, 100, 100, 100, 100, 0, 100, 


successful completion 1

target function value: -592.782998782798
Values: {27.10,0.00,52.73,0.00,7.01,0.00,0.00,0.00,0.00,0.00,0.91,0.00,8.09,0.00,0.00,1.22,0.00,0.00,0.00,0.00,0.00,1.56,0.40,0.01,0.00,0.00,0.00,0.00,0.06,0.84,0.00,0.02,0.00,0.00,0.00,0.00,0.00,0.00,0.00,0.00,0.00,0.00,0.00,0.00,0.00,0.05}
dual variables: -0.0858276592634512, -0.111891144811648, 0.0786801807521733, 0.0441623561279811, -0.0437325097508372, -0.0700016692229409, -0.0698968579143371, -0.38604207480925, 1, -0.0836222821613645, 0.194421901401271, -0.48037702058437, -0.124464471285144, 0.038977483464754, -0.10403289846852, -0.07, 
primal feasibility error: 0
iteration count: 25
array[N+M], statuses of box (N) and linear (M) constraints: stats: 0, -1, 0, -1, 0, -1, -1, -1, -1, -1, 0, -1, 0, -1, -1, 0, -1, -1, -1, -1, -1, 0, 0, 0, -1, 0, 0, 0, 0, 0, -1, 0, -1, -1, -1, -1, -1, -1, -1, -1, -1, -1, -1, -1, -1, 0, -1, -1, -1, -1, -1, -1, -1, -1, -1, -1, -1, -1, -1, -1, -1, -1, 

---------------------------------


ID: AX02364

cn: 733, 0.05, 1.1, 30, 3.92, 148, 89, 13, 5.57, 0.04, 530, 6, 1, 18, 0.075, 8421.245, 
c: -7, -5, -5, -7, -7, -3, -0.3, -5.4, -3, -0.7, -10, -10, -7.1, -5, -9, -9.5, -8, -7.5, -6, -4, -3, -7, -10, -8, -5, -10, -10, -10, -6, -2, 1, 1, -7.2, -7.2, -5, -7.5, -6, 100, 100, 100, 100, 100, 100, 100, 0, 100, 


successful completion 1

target function value: -566.365345192905
Values: {26.33,0.00,64.31,0.12,4.40,0.00,0.00,0.00,0.00,0.00,0.00,0.00,0.54,0.00,0.00,1.08,0.00,0.35,0.00,0.00,0.00,1.75,0.33,0.00,0.00,0.00,0.00,0.00,0.05,0.68,0.00,0.00,0.00,0.00,0.00,0.00,0.00,0.00,0.00,0.00,0.00,0.00,0.00,0.00,0.00,0.05}
dual variables: -0.0907683254893678, 0.196512404051774, -0.333985011331508, 0.087551013829064, 0.137990994307537, -0.0700016692229409, -0.0587058320476225, -0.388368745359065, 1, 0.398468161499786, 0.200359004440555, -0.573617539745928, -0.844594585382473, 0.00272779024390558, -0.10403289846852, -0.07, 
primal feasibility error: 0
iteration count: 27
array[N+M], statuses of box (N) and linear (M) constraints: stats: 0, -1, 0, 0, 0, -1, -1, -1, -1, -1, -1, -1, 0, -1, -1, 0, -1, 0, -1, -1, -1, 0, 0, -1, -1, 0, 0, 0, 0, 0, -1, -1, -1, -1, -1, -1, -1, -1, -1, -1, -1, -1, -1, -1, 0, 0, -1, -1, -1, -1, -1, -1, -1, -1, -1, -1, -1, -1, -1, -1, -1, -1, 

---------------------------------

