
ID: AX02356

cn: 793, 0.07, 2.7, 33, 5.15, 151, 184, 20, 5.99, 0.09, 439, 7.2, 2, 22, 0.06, 8334.74, 
c: -7, -5, -5, -7, -7, -3, -0.3, -5.4, -3, -0.7, -10, -10, -7.1, -5, -9, -9.5, -8, -7.5, -6, -4, -3, -7, -10, -8, -5, -10, -10, -10, -6, -2, 1, 1, -7.2, -7.2, -5, -7.5, -6, 100, 100, 100, 100, 100, 100, 100, 0, 100, 


successful completion 1

target function value: -592.782998782798
Values: {27.10,0.00,52.73,0.00,7.01,0.00,0.00,0.00,0.00,0.00,0.91,0.00,8.09,0.00,0.00,1.22,0.00,0.00,0.00,0.00,0.00,1.56,0.40,0.01,0.00,0.00,0.00,0.00,0.06,0.84,0.00,0.02,0.00,0.00,0.00,0.00,0.00,0.00,0.00,0.00,0.00,0.00,0.00,0.00,0.00,0.05}
dual variables: -0.0858276592634512, -0.111891144811648, 0.0786801807521733, 0.0441623561279811, -0.0437325097508372, -0.0700016692229409, -0.0698968579143371, -0.38604207480925, 1, -0.0836222821613645, 0.194421901401271, -0.48037702058437, -0.124464471285144, 0.038977483464754, -0.10403289846852, -0.07, 
primal feasibility error: 0
iteration count: 25
array[N+M], statuses of box (N) and linear (M) constraints: stats: 0, -1, 0, -1, 0, -1, -1, -1, -1, -1, 0, -1, 0, -1, -1, 0, -1, -1, -1, -1, -1, 0, 0, 0, -1, 0, 0, 0, 0, 0, -1, 0, -1, -1, -1, -1, -1, -1, -1, -1, -1, -1, -1, -1, -1, 0, -1, -1, -1, -1, -1, -1, -1, -1, -1, -1, -1, -1, -1, -1, -1, -1, 

---------------------------------


ID: AX02364

cn: 733, 0.05, 1.1, 30, 3.92, 148, 89, 13, 5.57, 0.04, 530, 6, 1, 18, 0.075, 8421.245, 
c: -7, -5, -5, -7, -7, -3, -0.3, -5.4, -3, -0.7, -10, -10, -7.1, -5, -9, -9.5, -8, -7.5, -6, -4, -3, -7, -10, -8, -5, -10, -10, -10, -6, -2, 1, 1, -7.2, -7.2, -5, -7.5, -6, 100, 100, 100, 100, 100, 100, 100, 0, 100, 


successful completion 1

target function value: -566.365345192905
Values: {26.33,0.00,64.31,0.12,4.40,0.00,0.00,0.00,0.00,0.00,0.00,0.00,0.54,0.00,0.00,1.08,0.00,0.35,0.00,0.00,0.00,1.75,0.33,0.00,0.00,0.00,0.00,0.00,0.05,0.68,0.00,0.00,0.00,0.00,0.00,0.00,0.00,0.00,0.00,0.00,0.00,0.00,0.00,0.00,0.00,0.05}
dual variables: -0.0907683254893678, 0.196512404051774, -0.333985011331508, 0.087551013829064, 0.137990994307537, -0.0700016692229409, -0.0587058320476225, -0.388368745359065, 1, 0.398468161499786, 0.200359004440555, -0.573617539745928, -0.844594585382473, 0.00272779024390558, -0.10403289846852, -0.07, 
primal feasibility error: 0
iteration count: 27
array[N+M], statuses of box (N) and linear (M) constraints: stats: 0, -1, 0, 0, 0, -1, -1, -1, -1, -1, -1, -1, 0, -1, -1, 0, -1, 0, -1, -1, -1, 0, 0, -1, -1, 0, 0, 0, 0, 0, -1, -1, -1, -1, -1, -1, -1, -1, -1, -1, -1, -1, -1, -1, 0, 0, -1, -1, -1, -1, -1, -1, -1, -1, -1, -1, -1, -1, -1, -1, -1, -1, 

---------------------------------


ID: AX02365

cn: 739, 0.06, 1.4, 31, 4.79, 214, 93, 20, 5.3, 0.1, 496, 5.6, 1, 19, 0.057, 8369.693, 
c: -7, -5, -5, -7, -7, -3, -0.3, -5.4, -3, -0.7, -10, -10, -7.1, -5, -9, -9.5, -8, -7.5, -6, -4, -3, -7, -10, -8, -5, -10, -10, -10, -6, -2, 1, 1, -7.2, -7.2, -5, -7.5, -6, 100, 100, 100, 100, 100, 100, 100, 0, 100, 


successful completion 1

target function value: -577.243743848636
Values: {27.37,0.00,60.05,0.00,3.97,0.00,0.00,0.00,0.00,0.00,1.68,0.00,2.96,0.00,0.00,0.00,0.00,0.37,0.00,0.00,0.00,2.39,0.31,0.00,0.00,0.00,0.00,0.00,0.04,0.76,0.00,0.01,0.00,0.00,0.00,0.00,0.00,0.00,0.00,0.00,0.00,0.00,0.00,0.00,0.05,0.05}
dual variables: -0.0838774587027935, 0.195804378345288, 0.246455027843407, 0.0863684944534391, 0.13757379770646, -0.0700016692229409, -0.0742947236063523, -0.388459532809412, 1, 0.397361389453157, 0.192085939293506, -0.571076352109715, -0.842941327387633, 0.00371574347558714, -0.10403289846852, -0.07, 
primal feasibility error: 0
iteration count: 26
array[N+M], statuses of box (N) and linear (M) constraints: stats: 0, -1, 0, -1, 0, -1, -1, -1, -1, -1, 0, -1, 0, -1, -1, -1, -1, 0, -1, -1, -1, 0, 0, -1, -1, 0, 0, 0, 0, 0, -1, 0, -1, -1, -1, -1, -1, -1, -1, -1, -1, -1, -1, -1, 0, 0, -1, -1, -1, -1, -1, -1, -1, -1, -1, -1, -1, -1, -1, -1, -1, -1, 

---------------------------------


ID: AX02374

cn: 849, 0.34, 12.5, 128, 2.2, 769, 473, 143, 10.9, 0.09, 191, 10, 1, 33, 0.043, 7376.927, 
c: -7, -5, -5, -7, -7, -3, -0.3, -5.4, -3, -0.7, -10, -10, -7.1, -5, -9, -9.5, -8, -7.5, -6, -4, -3, -7, -10, -8, -5, -10, -10, -10, -6, -2, 1, 1, -7.2, -7.2, -5, -7.5, -6, 100, 100, 100, 100, 100, 100, 100, 0, 100, 


successful completion 1

target function value: -676.00488962317
Values: {0.00,0.00,15.39,0.00,33.68,0.00,0.00,0.00,0.00,0.00,2.40,0.00,0.00,0.00,0.00,0.00,0.00,8.07,0.00,0.00,0.00,7.74,0.55,0.00,0.00,0.00,0.00,0.00,0.00,1.08,0.00,0.07,1.28,29.62,0.00,0.00,0.00,0.00,0.00,0.00,0.00,0.00,0.00,0.00,0.06,0.05}
dual variables: -0.078617087695303, 1, 1, 0.0913361484245027, 0.138053575220631, -0.0698404907265757, -0.0896616788375685, -0.391542853651788, 1, 2.55709095960761, 0.190043790753259, -0.580759219475675, -4.06907103442633, 0.00051507569003711, -0.103976204588881, -0.0704217354844, 
primal feasibility error: 0
iteration count: 34
array[N+M], statuses of box (N) and linear (M) constraints: stats: -1, -1, 0, -1, 0, -1, -1, -1, -1, -1, 0, -1, -1, -1, -1, -1, -1, 0, -1, -1, -1, 0, 0, -1, -1, 0, -1, 0, -1, 0, -1, 0, 0, 0, -1, -1, -1, 0, 0, -1, -1, -1, -1, -1, 0, 0, -1, -1, -1, -1, -1, -1, -1, -1, -1, -1, -1, -1, -1, -1, -1, -1, 

---------------------------------


ID: AX02375

cn: 867, 0.21, 6.8, 122, 1.49, 266, 292, 64, 4.77, 0.08, 397, 7.3, 1, 30, 0.051, 7940.299, 
c: -7, -5, -5, -7, -7, -3, -0.3, -5.4, -3, -0.7, -10, -10, -7.1, -5, -9, -9.5, -8, -7.5, -6, -4, -3, -7, -10, -8, -5, -10, -10, -10, -6, -2, 1, 1, -7.2, -7.2, -5, -7.5, -6, 100, 100, 100, 100, 100, 100, 100, 0, 100, 


successful completion 1

target function value: -604.899465970069
Values: {14.86,0.00,45.90,0.00,14.45,0.00,0.57,0.00,0.00,0.00,0.00,0.00,9.76,0.00,0.00,0.00,0.00,6.98,0.00,0.00,0.00,2.43,0.40,0.00,0.00,0.00,0.00,0.00,0.01,1.05,0.00,0.05,0.00,3.52,0.00,0.00,0.00,0.00,0.00,0.00,0.00,0.00,0.00,0.00,0.03,0.00}
dual variables: -0.0830705619027854, 0.195721470970268, 0.246409821556283, 0.0973222998826528, 0.137524945419395, -0.0700016692229409, -0.074523781062055, -0.391378582343593, 0.858092364376035, 0.397231790253169, 0.191077611407996, -0.594615649223972, -0.842747736562714, -0.00543577462726366, -0.10403289846852, -0.07, 
primal feasibility error: 0
iteration count: 29
array[N+M], statuses of box (N) and linear (M) constraints: stats: 0, -1, 0, -1, 0, -1, 0, -1, -1, -1, -1, -1, 0, -1, -1, -1, -1, 0, -1, -1, -1, 0, 0, -1, -1, 0, 0, 0, 0, 0, -1, 0, -1, 0, -1, -1, -1, -1, -1, -1, -1, -1, -1, -1, 0, -1, -1, -1, -1, -1, -1, -1, -1, -1, -1, -1, -1, -1, -1, -1, -1, -1, 

---------------------------------


ID: AX02377

cn: 663, 0.22, 10.1, 35, 1.75, 156, 426, 30, 3.22, 0.06, 40, 10.6, 1, 13, 0.057, 8609.993, 
c: -7, -5, -5, -7, -7, -3, -0.3, -5.4, -3, -0.7, -10, -10, -7.1, -5, -9, -9.5, -8, -7.5, -6, -4, -3, -7, -10, -8, -5, -10, -10, -10, -6, -2, 1, 1, -7.2, -7.2, -5, -7.5, -6, 100, 100, 100, 100, 100, 100, 100, 0, 100, 


successful completion 1

target function value: -702.19572649964
Values: {46.89,0.00,2.53,0.00,25.57,0.00,0.00,0.00,0.00,0.00,2.34,0.00,9.26,0.00,0.00,0.00,0.00,0.00,0.00,0.00,0.00,1.32,0.58,0.00,0.00,0.00,0.00,0.00,0.00,0.48,0.00,0.06,6.96,3.93,0.00,0.00,0.00,0.00,0.00,0.00,0.00,0.00,0.00,0.00,0.05,0.01}
dual variables: -0.080267778629266, 0.745321232588535, 0.546085991754747, 0.0521382213297173, 0.137355255351152, -0.0700016692229409, -0.0824413832482783, -0.391817411402284, 1, 1.25635547378753, 0.187759713120696, -0.497516841255843, -2.12607712917389, 0.0323139293920369, -0.10403289846852, -0.07, 
primal feasibility error: 0
iteration count: 29
array[N+M], statuses of box (N) and linear (M) constraints: stats: 0, -1, 0, -1, 0, -1, -1, -1, -1, -1, 0, -1, 0, -1, -1, -1, -1, -1, -1, -1, -1, 0, 0, -1, -1, 0, 0, 0, -1, 0, -1, 0, 0, 0, -1, -1, -1, -1, -1, -1, -1, -1, -1, -1, 0, 0, -1, -1, -1, -1, -1, -1, -1, -1, -1, -1, -1, -1, -1, -1, -1, -1, 

---------------------------------


ID: AX02385

cn: 928, 0.32, 10.6, 32, 4.83, 329, 445, 15, 2.31, 0.06, 98, 7.6, 1, 52, 0.05, 8074.23, 
c: -7, -5, -5, -7, -7, -3, -0.3, -5.4, -3, -0.7, -10, -10, -7.1, -5, -9, -9.5, -8, -7.5, -6, -4, -3, -7, -10, -8, -5, -10, -10, -10, -6, -2, 1, 1, -7.2, -7.2, -5, -7.5, -6, 100, 100, 100, 100, 100, 100, 100, 0, 100, 


successful completion 1

target function value: -679.403408087587
Values: {28.14,0.00,10.31,0.00,28.31,0.00,0.00,0.00,0.00,0.00,1.46,0.00,6.83,0.00,0.00,0.00,0.00,0.00,0.00,0.00,0.00,4.05,0.42,0.00,0.00,0.00,0.01,0.00,0.00,0.72,0.54,0.06,19.01,0.00,0.00,0.00,0.00,0.00,0.00,0.00,0.00,0.00,0.00,0.00,0.14,0.01}
dual variables: -0.0802717501217452, 0.738080982963751, 0.542138154746144, 0.0149096965114653, 0.137355495798865, -0.0700016692229409, -0.0824345855150254, -0.391443326078988, 1, 1.24503765605588, 0.187763633992723, -0.417514205415229, -2.10917096253734, 0.0634170488529714, -0.10403289846852, -0.07, 
primal feasibility error: 0
iteration count: 29
array[N+M], statuses of box (N) and linear (M) constraints: stats: 0, -1, 0, -1, 0, -1, -1, -1, -1, -1, 0, -1, 0, -1, -1, -1, -1, -1, -1, -1, -1, 0, 0, -1, -1, 0, 0, 0, -1, 0, 0, 0, 0, -1, -1, -1, -1, -1, -1, -1, -1, -1, -1, -1, 0, 0, -1, -1, -1, -1, -1, -1, -1, -1, -1, -1, -1, -1, -1, -1, -1, -1, 

---------------------------------


ID: AX02391

cn: 751, 0.21, 13.5, 132, 12.1, 241, 440, 81, 9.62, 0.16, 68, 17.6, 1, 20, 0.087, 8212.723, 
c: -7, -5, -5, -7, -7, -3, -0.3, -5.4, -3, -0.7, -10, -10, -7.1, -5, -9, -9.5, -8, -7.5, -6, -4, -3, -7, -10, -8, -5, -10, -10, -10, -6, -2, 1, 1, -7.2, -7.2, -5, -7.5, -6, 100, 100, 100, 100, 100, 100, 100, 0, 100, 


successful completion 1

target function value: -688.136088178443
Values: {21.38,0.00,0.00,0.00,31.51,0.00,1.17,0.00,0.00,0.00,0.00,0.00,0.00,0.00,0.00,0.00,0.00,1.90,0.00,0.00,0.00,1.91,0.97,0.00,0.00,0.00,0.00,0.00,0.00,0.67,0.00,0.06,4.95,35.03,0.00,0.00,0.00,0.00,0.02,0.00,0.00,0.00,0.00,0.00,0.36,0.07}
dual variables: -0.0801726053927253, 1, 1, 0.0973222998826528, 0.137349493238485, -0.0700016692229409, -0.0907793116006681, -0.39967666641811, 1, 2.55765438758921, 0.185432504851671, -0.594615649223972, -4.06991266375546, -0.00543577462726366, -0.10403289846852, -0.07, 
primal feasibility error: 0
iteration count: 36
array[N+M], statuses of box (N) and linear (M) constraints: stats: 0, -1, -1, -1, 0, -1, 0, -1, -1, -1, -1, -1, -1, -1, -1, -1, -1, 0, -1, -1, -1, 0, 0, -1, -1, 0, -1, 0, -1, 0, -1, 0, 0, 0, -1, -1, -1, 0, 0, -1, -1, -1, -1, -1, 0, 0, -1, -1, -1, -1, -1, -1, -1, -1, -1, -1, -1, -1, -1, -1, -1, -1, 

---------------------------------


ID: AX02395

cn: 710, 0.07, 17.7, 22, 2.71, 130, 460, 53, 1.88, 0.05, 129, 4.6, 1, 11, 0.046, 8456.944, 
c: -7, -5, -5, -7, -7, -3, -0.3, -5.4, -3, -0.7, -10, -10, -7.1, -5, -9, -9.5, -8, -7.5, -6, -4, -3, -7, -10, -8, -5, -10, -10, -10, -6, -2, 1, 1, -7.2, -7.2, -5, -7.5, -6, 100, 100, 100, 100, 100, 100, 100, 0, 100, 


successful completion 1

target function value: -681.112793591973
Values: {34.28,0.00,12.91,0.00,33.55,0.00,0.00,0.00,0.00,0.00,4.12,0.00,0.00,0.00,0.00,0.00,0.00,0.00,0.00,0.00,0.00,0.35,0.25,0.00,0.00,0.00,0.00,0.00,0.00,0.38,0.00,0.07,6.51,7.43,0.00,0.00,0.00,0.00,0.05,0.00,0.00,0.00,0.00,0.00,0.08,0.00}
dual variables: -0.0801984189136606, 1, 1, 0.0574431628024599, 0.137351056077171, -0.0700016692229409, -0.0908916170363347, -0.391928101699915, 1, 2.55765438758921, 0.187919144164885, -0.508916951866498, -4.06991266375546, 0.0278818378932331, -0.10403289846852, -0.07, 
primal feasibility error: 0
iteration count: 27
array[N+M], statuses of box (N) and linear (M) constraints: stats: 0, -1, 0, -1, 0, -1, -1, -1, -1, -1, 0, -1, -1, -1, -1, -1, -1, -1, -1, -1, -1, 0, 0, -1, -1, 0, -1, 0, -1, 0, -1, 0, 0, 0, -1, -1, -1, 0, 0, -1, -1, -1, -1, -1, 0, 0, -1, -1, -1, -1, -1, -1, -1, -1, -1, -1, -1, -1, -1, -1, -1, -1, 

---------------------------------


ID: AX02397

cn: 738, 0.05, 13.1, 30, 2.43, 198, 395, 100, 2.44, 0.05, 175, 5.5, 1, 16, 0.04, 8323.39, 
c: -7, -5, -5, -7, -7, -3, -0.3, -5.4, -3, -0.7, -10, -10, -7.1, -5, -9, -9.5, -8, -7.5, -6, -4, -3, -7, -10, -8, -5, -10, -10, -10, -6, -2, 1, 1, -7.2, -7.2, -5, -7.5, -6, 100, 100, 100, 100, 100, 100, 100, 0, 100, 


successful completion 1

target function value: -686.567932511155
Values: {28.62,0.00,17.83,0.00,28.56,0.00,0.00,0.00,0.00,0.00,8.26,0.00,0.00,0.00,0.00,0.00,0.00,0.00,0.00,0.00,0.00,0.00,0.30,0.00,0.00,0.00,0.00,0.00,0.00,0.55,0.01,0.07,3.81,11.90,0.00,0.00,0.00,0.00,0.02,0.00,0.00,0.00,0.00,0.00,0.07,0.01}
dual variables: -0.0801668329517431, 1, 1, 0.0149096965114653, 0.1373491437552, -0.0800782633532754, -0.0909329065851028, -0.369640000633412, 1, 2.55765438758921, 0.187875138955585, -0.417514205415229, -4.06991266375546, 0.0634170488529714, -0.10403289846852, -0.07, 
primal feasibility error: 0
iteration count: 29
array[N+M], statuses of box (N) and linear (M) constraints: stats: 0, -1, 0, -1, 0, -1, -1, -1, -1, -1, 0, -1, -1, -1, -1, -1, -1, -1, -1, -1, -1, -1, 0, -1, -1, 0, -1, 0, -1, 0, 0, 0, 0, 0, -1, -1, -1, 0, 0, -1, -1, -1, -1, -1, 0, 0, -1, -1, -1, -1, -1, -1, -1, -1, -1, -1, -1, -1, -1, -1, -1, -1, 

---------------------------------


ID: AX02403

cn: 762, 0.07, 14.6, 28, 19.3, 177, 426, 48, 1.47, 0.77, 113, 3.8, 44, 13, 0.191, 8348.799, 
c: -7, -5, -5, -7, -7, -3, -0.3, -5.4, -3, -0.7, -10, -10, -7.1, -5, -9, -9.5, -8, -7.5, -6, -4, -3, -7, -10, -8, -5, -10, -10, -10, -6, -2, 1, 1, -7.2, -7.2, -5, -7.5, -6, 100, 100, 100, 100, 100, 100, 100, 0, 100, 


successful completion 1

target function value: -688.882701361069
Values: {28.22,0.00,8.39,0.17,30.55,0.00,0.00,0.00,0.00,0.00,0.85,0.00,0.00,0.00,0.00,0.00,0.00,0.00,0.00,0.00,0.00,0.99,0.21,0.56,0.42,0.00,0.00,0.01,0.00,0.44,0.00,0.12,7.92,21.14,0.00,0.00,0.00,0.00,0.00,0.00,0.00,0.00,0.00,0.00,0.00,0.00}
dual variables: -0.0804458439471475, -0.151257081598452, 0.0572154094833344, 0.094499270047678, -0.1369851518854, -0.0700016692229409, -0.0662452273752717, -0.365857303838433, -2.11727764350338, -0.145158350733299, 0.187448580324736, -0.5885490691229, -0.0325440097525034, -0.00307723276648186, -0.10403289846852, -0.07, 
primal feasibility error: 0
iteration count: 31
array[N+M], statuses of box (N) and linear (M) constraints: stats: 0, -1, 0, 0, 0, -1, -1, -1, -1, -1, 0, -1, -1, -1, -1, -1, -1, -1, -1, -1, -1, 0, 0, 0, 0, 0, 0, 0, -1, 0, -1, 0, 0, 0, -1, -1, -1, -1, -1, -1, -1, -1, -1, -1, -1, -1, -1, -1, -1, -1, -1, -1, -1, -1, -1, -1, -1, -1, -1, -1, -1, -1, 

---------------------------------


ID: AX02407

cn: 518, 0.07, 10.7, 13, 20.6, 170, 358, 14, 0.82, 0.56, 20, 2.6, 94, 15, 0.121, 8762.529, 
c: -7, -5, -5, -7, -7, -3, -0.3, -5.4, -3, -0.7, -10, -10, -7.1, -5, -9, -9.5, -8, -7.5, -6, -4, -3, -7, -10, -8, -5, -10, -10, -10, -6, -2, 1, 1, -7.2, -7.2, -5, -7.5, -6, 100, 100, 100, 100, 100, 100, 100, 0, 100, 


successful completion 1

target function value: -699.224401047277
Values: {56.44,0.00,1.40,1.90,23.57,0.00,0.00,0.00,0.00,0.00,0.00,0.00,0.00,0.00,0.00,1.65,0.00,0.00,0.00,0.00,0.00,0.88,0.14,0.60,1.34,0.00,0.00,0.01,0.00,0.32,0.07,0.08,11.59,0.00,0.00,0.00,0.00,0.00,0.00,0.00,0.00,0.00,0.00,0.00,0.00,0.00}
dual variables: -0.0804552203283326, -0.151257081598452, 0.0572154094833344, 0.0149096965114653, -0.1369851518854, -0.0700016692229409, -0.0655132325875488, -0.367623430492999, -2.51003707916828, -0.145158350733299, 0.187443362072405, -0.417514205415229, -0.0325440097525034, 0.0634170488529714, -0.10403289846852, -0.07, 
primal feasibility error: 0
iteration count: 25
array[N+M], statuses of box (N) and linear (M) constraints: stats: 0, -1, 0, 0, 0, -1, -1, -1, -1, -1, -1, -1, -1, -1, -1, 0, -1, -1, -1, -1, -1, 0, 0, 0, 0, 0, 0, 0, -1, 0, 0, 0, 0, -1, -1, -1, -1, -1, -1, -1, -1, -1, -1, -1, -1, -1, -1, -1, -1, -1, -1, -1, -1, -1, -1, -1, -1, -1, -1, -1, -1, -1, 

---------------------------------


ID: AX02409

cn: 829, 0.05, 2.8, 218, 8.28, 311, 167, 22, 8.02, 0.03, 384, 9.7, 5, 20, 0.021, 8015.099, 
c: -7, -5, -5, -7, -7, -3, -0.3, -5.4, -3, -0.7, -10, -10, -7.1, -5, -9, -9.5, -8, -7.5, -6, -4, -3, -7, -10, -8, -5, -10, -10, -10, -6, -2, 1, 1, -7.2, -7.2, -5, -7.5, -6, 100, 100, 100, 100, 100, 100, 100, 0, 100, 


successful completion 1

target function value: -577.219453611607
Values: {24.49,0.00,45.51,0.00,0.65,0.00,3.99,0.00,0.00,0.00,0.00,0.00,17.47,0.00,0.00,0.00,0.00,2.52,0.00,0.00,0.00,3.82,0.53,0.09,0.00,0.00,0.00,0.00,0.07,0.76,0.00,0.04,0.00,0.00,0.00,0.00,0.00,0.00,0.00,0.00,0.00,0.00,0.00,0.00,0.00,0.05}
dual variables: -0.0858409295704007, -0.111891144811648, 0.0786801807521733, 0.0973222998826528, -0.0437325097508372, -0.0700016692229409, -0.0697895329722523, -0.399264145087287, 1, -0.0836222821613645, 0.194467783814394, -0.594615649223972, -0.124464471285144, -0.00543577462726366, -0.10403289846852, -0.07, 
primal feasibility error: 0
iteration count: 27
array[N+M], statuses of box (N) and linear (M) constraints: stats: 0, -1, 0, -1, 0, -1, 0, -1, -1, -1, -1, -1, 0, -1, -1, -1, -1, 0, -1, -1, -1, 0, 0, 0, -1, 0, 0, 0, 0, 0, -1, 0, -1, -1, -1, -1, -1, -1, -1, -1, -1, -1, -1, -1, -1, 0, -1, -1, -1, -1, -1, -1, -1, -1, -1, -1, -1, -1, -1, -1, -1, -1, 

---------------------------------


ID: AX02417

cn: 564, 0.05, 2.9, 21, 24.2, 220, 202, 79, 0.9, 0.93, 39, 1.3, 34, 22, 0.151, 8788.569, 
c: -7, -5, -5, -7, -7, -3, -0.3, -5.4, -3, -0.7, -10, -10, -7.1, -5, -9, -9.5, -8, -7.5, -6, -4, -3, -7, -10, -8, -5, -10, -10, -10, -6, -2, 1, 1, -7.2, -7.2, -5, -7.5, -6, 100, 100, 100, 100, 100, 100, 100, 0, 100, 


successful completion 1

target function value: -716.134116255728
Values: {56.61,0.00,4.18,5.61,8.07,0.00,0.00,0.00,0.00,0.00,6.63,0.00,0.00,0.00,0.00,1.99,0.00,0.00,0.00,0.00,0.00,0.37,0.07,0.70,0.16,0.00,0.00,0.02,0.00,0.78,0.00,0.02,14.80,0.00,0.00,0.00,0.00,0.00,0.00,0.00,0.00,0.00,0.00,0.00,0.00,0.00}
dual variables: -0.0804504388354882, -0.151257081598452, 0.0572154094833344, 0.0769028305500199, -0.1369851518854, -0.0700016692229409, -0.0660815342682921, -0.364947400367125, -2.20411988558674, -0.145158350733299, 0.18744739913395, -0.550735012613942, -0.0325440097525034, 0.0116239718193749, -0.10403289846852, -0.07, 
primal feasibility error: 0
iteration count: 29
array[N+M], statuses of box (N) and linear (M) constraints: stats: 0, -1, 0, 0, 0, -1, -1, -1, -1, -1, 0, -1, -1, -1, -1, 0, -1, -1, -1, -1, -1, 0, 0, 0, 0, 0, 0, 0, -1, 0, -1, 0, 0, -1, -1, -1, -1, -1, -1, -1, -1, -1, -1, -1, -1, -1, -1, -1, -1, -1, -1, -1, -1, -1, -1, -1, -1, -1, -1, -1, -1, -1, 

---------------------------------


ID: AX02428

cn: 751, 0.09, 9, 39, 7.03, 188, 408, 48, 1.2, 1.83, 44, 8.7, 25, 15, 0.133, 8454.017, 
c: -7, -5, -5, -7, -7, -3, -0.3, -5.4, -3, -0.7, -10, -10, -7.1, -5, -9, -9.5, -8, -7.5, -6, -4, -3, -7, -10, -8, -5, -10, -10, -10, -6, -2, 1, 1, -7.2, -7.2, -5, -7.5, -6, 100, 100, 100, 100, 100, 100, 100, 0, 100, 


successful completion 1

target function value: -707.324594517751
Values: {35.04,0.00,1.11,6.88,22.79,0.00,0.00,0.00,0.00,0.00,1.85,0.00,0.00,0.00,0.00,0.00,0.00,0.00,0.00,0.00,0.00,1.24,0.48,0.20,0.30,0.00,0.00,0.03,0.00,0.53,0.00,0.06,13.37,16.12,0.00,0.00,0.00,0.00,0.00,0.00,0.00,0.00,0.00,0.00,0.00,0.00}
dual variables: -0.0804458439471475, -0.151257081598452, 0.0572154094833344, 0.094499270047678, -0.1369851518854, -0.0700016692229409, -0.0662452273752717, -0.365857303838433, -2.11727764350338, -0.145158350733299, 0.187448580324736, -0.5885490691229, -0.0325440097525034, -0.00307723276648186, -0.10403289846852, -0.07, 
primal feasibility error: 0
iteration count: 28
array[N+M], statuses of box (N) and linear (M) constraints: stats: 0, -1, 0, 0, 0, -1, -1, -1, -1, -1, 0, -1, -1, -1, -1, -1, -1, -1, -1, -1, -1, 0, 0, 0, 0, 0, 0, 0, -1, 0, -1, 0, 0, 0, -1, -1, -1, -1, -1, -1, -1, -1, -1, -1, -1, -1, -1, -1, -1, -1, -1, -1, -1, -1, -1, -1, -1, -1, -1, -1, -1, -1, 

---------------------------------


ID: AX02437

cn: 677, 0.13, 2.7, 31, 109, 434, 454, 29, 1.15, 1.95, 35, 6.7, 309, 12, 0.615, 7896.755, 
c: -7, -5, -5, -7, -7, -3, -0.3, -5.4, -3, -0.7, -10, -10, -7.1, -5, -9, -9.5, -8, -7.5, -6, -4, -3, -7, -10, -8, -5, -10, -10, -10, -6, -2, 1, 1, -7.2, -7.2, -5, -7.5, -6, 100, 100, 100, 100, 100, 100, 100, 0, 100, 


successful completion 1

target function value: -699.61185814241
Values: {34.89,0.00,0.97,18.78,10.80,0.00,0.00,0.00,0.00,0.00,0.00,0.00,5.44,0.00,0.00,0.90,0.00,0.00,0.00,0.00,0.00,1.72,0.37,3.16,3.69,0.01,0.00,0.03,0.00,0.41,0.00,0.00,7.58,11.26,0.00,0.00,0.00,0.00,0.00,0.00,0.00,0.00,0.00,0.00,0.00,0.00}
dual variables: -0.0804219651695384, -0.151257081598452, -0.158071776258071, 0.0689289549846545, -0.1369851518854, -0.0700016692229409, -0.0660298510014175, -0.380290903804023, -0.449326130583297, -0.145158350733299, 0.187447196936484, -0.533599467592788, -0.0325440097525034, 0.0182858636210773, -0.10403289846852, -0.07, 
primal feasibility error: 0
iteration count: 24
array[N+M], statuses of box (N) and linear (M) constraints: stats: 0, -1, 0, 0, 0, -1, -1, -1, -1, -1, -1, -1, 0, -1, -1, 0, -1, -1, -1, -1, -1, 0, 0, 0, 0, 0, 0, 0, -1, 0, -1, -1, 0, 0, -1, -1, -1, -1, -1, -1, -1, -1, -1, -1, -1, -1, -1, -1, -1, -1, -1, -1, -1, -1, -1, -1, -1, -1, -1, -1, -1, -1, 

---------------------------------


ID: AX02445

cn: 537, 0.05, 3.1, 32, 2.43, 246, 203, 115, 0.93, 0.14, 51, 0.6, 8, 19, 0.103, 8781.647, 
c: -7, -5, -5, -7, -7, -3, -0.3, -5.4, -3, -0.7, -10, -10, -7.1, -5, -9, -9.5, -8, -7.5, -6, -4, -3, -7, -10, -8, -5, -10, -10, -10, -6, -2, 1, 1, -7.2, -7.2, -5, -7.5, -6, 100, 100, 100, 100, 100, 100, 100, 0, 100, 


successful completion 1

target function value: -720.854517452425
Values: {55.58,0.00,5.75,13.67,0.00,0.00,0.00,0.68,0.00,0.00,9.67,0.00,0.00,0.00,0.00,2.32,0.00,0.00,0.00,0.00,0.00,0.00,0.03,0.07,0.09,0.00,0.00,0.00,0.00,0.66,0.00,0.05,11.01,0.40,0.00,0.00,0.00,0.00,0.00,0.00,0.00,0.00,0.00,0.00,0.00,0.00}
dual variables: -0.0804498141815977, -0.150083818885368, 0.0565728262363204, 0.0971643603790814, -0.136988655093719, -0.0731556153757486, -0.0662432808174393, -0.351044531658077, -3.06603003381418, -0.147000534200161, 0.187432834364555, -0.594276243441692, -0.0297922194865423, -0.00530382174244845, -0.10403289846852, -0.07, 
primal feasibility error: 0
iteration count: 35
array[N+M], statuses of box (N) and linear (M) constraints: stats: 0, -1, 0, 0, -1, -1, -1, 0, -1, -1, 0, -1, -1, -1, -1, 0, -1, -1, -1, -1, -1, -1, 0, 0, 0, 0, 0, 0, -1, 0, -1, 0, 0, 0, -1, -1, -1, -1, -1, -1, -1, -1, -1, -1, -1, -1, -1, -1, -1, -1, -1, -1, -1, -1, -1, -1, -1, -1, -1, -1, -1, -1, 

---------------------------------


ID: AX02453

cn: 426, 0.07, 0.9, 59, 104, 643, 56, 118, 1.46, 0.27, 41, 3.6, 396, 18, 0.155, 8132.545, 
c: -7, -5, -5, -7, -7, -3, -0.3, -5.4, -3, -0.7, -10, -10, -7.1, -5, -9, -9.5, -8, -7.5, -6, -4, -3, -7, -10, -8, -5, -10, -10, -10, -6, -2, 1, 1, -7.2, -7.2, -5, -7.5, -6, 100, 100, 100, 100, 100, 100, 100, 0, 100, 


successful completion 1

target function value: -714.172397706232
Values: {49.95,0.00,0.00,0.00,1.85,0.00,0.61,0.00,0.00,0.00,7.79,0.00,2.57,0.00,0.00,0.00,0.00,0.00,0.00,0.00,0.00,1.18,0.20,3.01,5.43,0.00,0.00,0.00,0.00,0.68,0.00,0.01,2.68,24.02,0.00,0.00,0.00,0.00,0.00,0.00,0.00,0.00,0.00,0.00,0.00,0.00}
dual variables: -0.0803397788553177, -0.151257081598452, 0.0572154094833344, 0.0973222998826528, -0.1369851518854, -0.0700016692229409, -0.0708345751492601, -0.383900592612483, 0.0178991037962956, -0.145158350733299, 0.177535379134909, -0.594615649223972, -0.0325440097525034, -0.00543577462726366, -0.10403289846852, -0.07, 
primal feasibility error: 0
iteration count: 22
array[N+M], statuses of box (N) and linear (M) constraints: stats: 0, -1, -1, -1, 0, -1, 0, -1, -1, -1, 0, -1, 0, -1, -1, -1, -1, -1, -1, -1, -1, 0, 0, 0, 0, 0, 0, 0, -1, 0, -1, 0, 0, 0, -1, -1, -1, -1, -1, -1, -1, -1, -1, -1, -1, -1, -1, -1, -1, -1, -1, -1, -1, -1, -1, -1, -1, -1, -1, -1, -1, -1, 

---------------------------------


ID: AX02461

cn: 649, 0.1, 10.5, 94, 95.1, 351, 518, 73, 1.77, 0.64, 31, 9.7, 128, 17, 0.16, 8021.03, 
c: -7, -5, -5, -7, -7, -3, -0.3, -5.4, -3, -0.7, -10, -10, -7.1, -5, -9, -9.5, -8, -7.5, -6, -4, -3, -7, -10, -8, -5, -10, -10, -10, -6, -2, 1, 1, -7.2, -7.2, -5, -7.5, -6, 100, 100, 100, 100, 100, 100, 100, 0, 100, 


successful completion 1

target function value: -710.704705191991
Values: {32.19,0.00,0.00,2.27,35.73,0.00,1.34,0.00,0.00,0.00,5.42,0.00,0.00,0.00,0.00,0.00,0.00,0.00,0.00,0.00,0.00,1.38,0.53,2.76,0.57,0.00,0.00,0.01,0.00,0.62,0.00,0.03,5.34,11.81,0.00,0.00,0.00,0.00,0.00,0.00,0.00,0.00,0.00,0.00,0.00,0.00}
dual variables: -0.0804421283487408, -0.151257081598452, 0.0572154094833344, 0.0973222998826528, -0.1369851518854, -0.0700016692229409, -0.0662654288483382, -0.366046823746308, -2.09803215863276, -0.145158350733299, 0.186576041459564, -0.594615649223972, -0.0325440097525034, -0.00543577462726366, -0.10403289846852, -0.07, 
primal feasibility error: 0
iteration count: 22
array[N+M], statuses of box (N) and linear (M) constraints: stats: 0, -1, -1, 0, 0, -1, 0, -1, -1, -1, 0, -1, -1, -1, -1, -1, -1, -1, -1, -1, -1, 0, 0, 0, 0, 0, 0, 0, -1, 0, -1, 0, 0, 0, -1, -1, -1, -1, -1, -1, -1, -1, -1, -1, -1, -1, -1, -1, -1, -1, -1, -1, -1, -1, -1, -1, -1, -1, -1, -1, -1, -1, 

---------------------------------


ID: AX02469

cn: 659, 0.05, 6.3, 20, 32.1, 330, 523, 24, 1.3, 0.37, 27, 4.5, 157, 13, 0.32, 8202.06, 
c: -7, -5, -5, -7, -7, -3, -0.3, -5.4, -3, -0.7, -10, -10, -7.1, -5, -9, -9.5, -8, -7.5, -6, -4, -3, -7, -10, -8, -5, -10, -10, -10, -6, -2, 1, 1, -7.2, -7.2, -5, -7.5, -6, 100, 100, 100, 100, 100, 100, 100, 0, 100, 


successful completion 1

target function value: -700.857193582843
Values: {40.49,0.00,1.64,9.81,25.20,0.00,0.00,0.00,0.00,0.00,0.00,0.00,3.65,0.00,0.00,2.58,0.00,0.00,0.00,0.00,0.00,2.10,0.25,0.93,2.33,0.00,0.00,0.01,0.00,0.38,0.00,0.00,9.45,1.19,0.00,0.00,0.00,0.00,0.00,0.00,0.00,0.00,0.00,0.00,0.00,0.00}
dual variables: -0.0804219651695384, -0.151257081598452, -0.158071776258071, 0.0689289549846545, -0.1369851518854, -0.0700016692229409, -0.0660298510014175, -0.380290903804023, -0.449326130583297, -0.145158350733299, 0.187447196936484, -0.533599467592788, -0.0325440097525034, 0.0182858636210773, -0.10403289846852, -0.07, 
primal feasibility error: 0
iteration count: 23
array[N+M], statuses of box (N) and linear (M) constraints: stats: 0, -1, 0, 0, 0, -1, -1, -1, -1, -1, -1, -1, 0, -1, -1, 0, -1, -1, -1, -1, -1, 0, 0, 0, 0, 0, 0, 0, -1, 0, -1, -1, 0, 0, -1, -1, -1, -1, -1, -1, -1, -1, -1, -1, -1, -1, -1, -1, -1, -1, -1, -1, -1, -1, -1, -1, -1, -1, -1, -1, -1, -1, 

---------------------------------


ID: AX02477

cn: 653, 0.06, 11.5, 21, 27.7, 283, 531, 43, 1.81, 1.09, 30, 2, 113, 13, 0.323, 8268.517, 
c: -7, -5, -5, -7, -7, -3, -0.3, -5.4, -3, -0.7, -10, -10, -7.1, -5, -9, -9.5, -8, -7.5, -6, -4, -3, -7, -10, -8, -5, -10, -10, -10, -6, -2, 1, 1, -7.2, -7.2, -5, -7.5, -6, 100, 100, 100, 100, 100, 100, 100, 0, 100, 


successful completion 1

target function value: -706.111424659239
Values: {37.29,0.00,0.00,0.00,37.26,0.00,0.05,0.00,0.00,0.00,2.49,0.00,2.78,0.00,0.00,0.00,0.00,0.00,0.00,0.00,0.00,1.49,0.11,0.80,1.57,0.00,0.00,0.02,0.00,0.46,0.00,0.04,5.30,10.35,0.00,0.00,0.00,0.00,0.00,0.00,0.00,0.00,0.00,0.00,0.00,0.00}
dual variables: -0.0803397788553177, -0.151257081598452, 0.0572154094833344, 0.0973222998826528, -0.1369851518854, -0.0700016692229409, -0.0708345751492601, -0.383900592612483, 0.0178991037962956, -0.145158350733299, 0.177535379134909, -0.594615649223972, -0.0325440097525034, -0.00543577462726366, -0.10403289846852, -0.07, 
primal feasibility error: 0
iteration count: 29
array[N+M], statuses of box (N) and linear (M) constraints: stats: 0, -1, -1, -1, 0, -1, 0, -1, -1, -1, 0, -1, 0, -1, -1, -1, -1, -1, -1, -1, -1, 0, 0, 0, 0, 0, 0, 0, -1, 0, -1, 0, 0, 0, -1, -1, -1, -1, -1, -1, -1, -1, -1, -1, -1, -1, -1, -1, -1, -1, -1, -1, -1, -1, -1, -1, -1, -1, -1, -1, -1, -1, 

---------------------------------


ID: AX02485

cn: 633, 0.16, 12.1, 39, 49.2, 365, 559, 55, 2.05, 2.4, 24, 2, 96, 12, 0.23, 8148.86, 
c: -7, -5, -5, -7, -7, -3, -0.3, -5.4, -3, -0.7, -10, -10, -7.1, -5, -9, -9.5, -8, -7.5, -6, -4, -3, -7, -10, -8, -5, -10, -10, -10, -6, -2, 1, 1, -7.2, -7.2, -5, -7.5, -6, 100, 100, 100, 100, 100, 100, 100, 0, 100, 


successful completion 1

target function value: -710.315401442218
Values: {37.43,0.00,0.00,0.00,38.60,0.00,0.56,0.00,0.00,0.00,4.65,0.00,4.18,0.00,0.00,0.00,0.00,0.00,0.00,0.00,0.00,2.37,0.11,1.43,0.82,0.00,0.00,0.04,0.00,0.42,0.00,0.04,3.37,5.98,0.00,0.00,0.00,0.00,0.00,0.00,0.00,0.00,0.00,0.00,0.00,0.00}
dual variables: -0.0803397788553177, -0.151257081598452, 0.0572154094833344, 0.0973222998826528, -0.1369851518854, -0.0700016692229409, -0.0708345751492601, -0.383900592612483, 0.0178991037962956, -0.145158350733299, 0.177535379134909, -0.594615649223972, -0.0325440097525034, -0.00543577462726366, -0.10403289846852, -0.07, 
primal feasibility error: 0
iteration count: 22
array[N+M], statuses of box (N) and linear (M) constraints: stats: 0, -1, -1, -1, 0, -1, 0, -1, -1, -1, 0, -1, 0, -1, -1, -1, -1, -1, -1, -1, -1, 0, 0, 0, 0, 0, 0, 0, -1, 0, -1, 0, 0, 0, -1, -1, -1, -1, -1, -1, -1, -1, -1, -1, -1, -1, -1, -1, -1, -1, -1, -1, -1, -1, -1, -1, -1, -1, -1, -1, -1, -1, 

---------------------------------


ID: AX02493

cn: 759, 0.09, 4.4, 41, 88.8, 601, 576, 91, 2.6, 3.82, 45, 8.2, 202, 13, 0.112, 7563.978, 
c: -7, -5, -5, -7, -7, -3, -0.3, -5.4, -3, -0.7, -10, -10, -7.1, -5, -9, -9.5, -8, -7.5, -6, -4, -3, -7, -10, -8, -5, -10, -10, -10, -6, -2, 1, 1, -7.2, -7.2, -5, -7.5, -6, 100, 100, 100, 100, 100, 100, 100, 0, 100, 


successful completion 1

target function value: -719.081540524114
Values: {23.50,0.00,0.79,12.68,17.60,0.00,0.23,0.00,0.00,0.00,0.00,0.00,12.94,0.00,0.00,7.50,0.00,0.00,0.00,0.00,0.00,4.03,0.45,2.57,2.05,0.00,0.00,0.06,0.00,0.20,0.00,0.00,0.00,15.39,0.00,0.00,0.00,0.00,0.00,0.00,0.00,0.00,0.00,0.00,0.00,0.00}
dual variables: -0.0834974589963309, -0.151257081598452, -0.198960938586444, 0.0973222998826528, -0.1369851518854, -0.0700016692229409, -0.0640610060527773, -0.380910935228357, -0.00073281511133252, -0.145158350733299, 0.191287028074055, -0.594615649223972, -0.0325440097525034, -0.00543577462726366, -0.10403289846852, -0.07, 
primal feasibility error: 0
iteration count: 25
array[N+M], statuses of box (N) and linear (M) constraints: stats: 0, -1, 0, 0, 0, -1, 0, -1, -1, -1, -1, -1, 0, -1, -1, 0, -1, -1, -1, -1, -1, 0, 0, 0, 0, 0, 0, 0, -1, 0, -1, -1, -1, 0, -1, -1, -1, -1, -1, -1, -1, -1, -1, -1, -1, -1, -1, -1, -1, -1, -1, -1, -1, -1, -1, -1, -1, -1, -1, -1, -1, -1, 

---------------------------------

