
ID: K-feldspar (Kf)

cn: 969, 0, 1405, 0, 7626, 
c: -7, -5, -5, -7, -7, -3, -0.3, -5.7, -3, -1.3, -10, -10, -7, -4, -9, -9, -8, -7.5, -6, -4, -3, -7, -10, -8, -5, -10, -10, -10, -6, -2, 1, 1, -7.1, -7.2, -5, -7.5, -6, 0, 


LP problem is primal infeasible(dual unbounded)

target function value: 0
Values: {0.00,0.00,0.00,0.00,0.00,0.00,0.00,0.00,0.00,0.00,0.00,0.00,0.00,0.00,0.00,0.00,0.00,0.00,0.00,0.00,0.00,0.00,0.00,0.00,0.00,0.00,0.00,0.00,0.00,0.00,0.00,0.00,0.00,0.00,0.00,0.00,0.00,0.00}
dual variables: 0, 0, 0, 0, 0, 
primal feasibility error: 0
iteration count: 7
array[N+M], statuses of box (N) and linear (M) constraints: stats: 0, 0, 0, 0, 0, 0, 0, 0, 0, 0, 0, 0, 0, 0, 0, 0, 0, 0, 0, 0, 0, 0, 0, 0, 0, 0, 0, 0, 0, 0, 0, 0, 0, 0, 0, 0, 0, 0, 0, 0, 0, 0, 0, 

---------------------------------


ID: Anorthite (Pl)

cn: 1695, 2518, 0, 0, 5787, 
c: -7, -5, -5, -7, -7, -3, -0.3, -5.7, -3, -1.3, -10, -10, -7, -4, -9, -9, -8, -7.5, -6, -4, -3, -7, -10, -8, -5, -10, -10, -10, -6, -2, 1, 1, -7.1, -7.2, -5, -7.5, -6, 0, 


LP problem is primal infeasible(dual unbounded)

target function value: 0
Values: {0.00,0.00,0.00,0.00,0.00,0.00,0.00,0.00,0.00,0.00,0.00,0.00,0.00,0.00,0.00,0.00,0.00,0.00,0.00,0.00,0.00,0.00,0.00,0.00,0.00,0.00,0.00,0.00,0.00,0.00,0.00,0.00,0.00,0.00,0.00,0.00,0.00,0.00}
dual variables: 0, 0, 0, 0, 0, 
primal feasibility error: 0
iteration count: 3
array[N+M], statuses of box (N) and linear (M) constraints: stats: 0, 0, 0, 0, 0, 0, 0, 0, 0, 0, 0, 0, 0, 0, 0, 0, 0, 0, 0, 0, 0, 0, 0, 0, 0, 0, 0, 0, 0, 0, 0, 0, 0, 0, 0, 0, 0, 0, 0, 0, 0, 0, 0, 

---------------------------------


ID: Muscovite (Ms)

cn: 2032, 0, 982, 0, 6986, 
c: -7, -5, -5, -7, -7, -3, -0.3, -5.7, -3, -1.3, -10, -10, -7, -4, -9, -9, -8, -7.5, -6, -4, -3, -7, -10, -8, -5, -10, -10, -10, -6, -2, 1, 1, -7.1, -7.2, -5, -7.5, -6, 0, 


LP problem is primal infeasible(dual unbounded)

target function value: 0
Values: {0.00,0.00,0.00,0.00,0.00,0.00,0.00,0.00,0.00,0.00,0.00,0.00,0.00,0.00,0.00,0.00,0.00,0.00,0.00,0.00,0.00,0.00,0.00,0.00,0.00,0.00,0.00,0.00,0.00,0.00,0.00,0.00,0.00,0.00,0.00,0.00,0.00,0.00}
dual variables: 0, 0, 0, 0, 0, 
primal feasibility error: 0
iteration count: 7
array[N+M], statuses of box (N) and linear (M) constraints: stats: 0, 0, 0, 0, 0, 0, 0, 0, 0, 0, 0, 0, 0, 0, 0, 0, 0, 0, 0, 0, 0, 0, 0, 0, 0, 0, 0, 0, 0, 0, 0, 0, 0, 0, 0, 0, 0, 0, 0, 0, 0, 0, 0, 

---------------------------------


ID: Clinozoisite (Cz)

cn: 1782, 1764, 0, 0, 6454, 
c: -7, -5, -5, -7, -7, -3, -0.3, -5.7, -3, -1.3, -10, -10, -7, -4, -9, -9, -8, -7.5, -6, -4, -3, -7, -10, -8, -5, -10, -10, -10, -6, -2, 1, 1, -7.1, -7.2, -5, -7.5, -6, 0, 


LP problem is primal infeasible(dual unbounded)

target function value: 0
Values: {0.00,0.00,0.00,0.00,0.00,0.00,0.00,0.00,0.00,0.00,0.00,0.00,0.00,0.00,0.00,0.00,0.00,0.00,0.00,0.00,0.00,0.00,0.00,0.00,0.00,0.00,0.00,0.00,0.00,0.00,0.00,0.00,0.00,0.00,0.00,0.00,0.00,0.00}
dual variables: 0, 0, 0, 0, 0, 
primal feasibility error: 0
iteration count: 6
array[N+M], statuses of box (N) and linear (M) constraints: stats: 0, 0, 0, 0, 0, 0, 0, 0, 0, 0, 0, 0, 0, 0, 0, 0, 0, 0, 0, 0, 0, 0, 0, 0, 0, 0, 0, 0, 0, 0, 0, 0, 0, 0, 0, 0, 0, 0, 0, 0, 0, 0, 0, 

---------------------------------


ID: Albite

cn: 1029, 0, 0, 877, 8094, 
c: -7, -5, -5, -7, -7, -3, -0.3, -5.7, -3, -1.3, -10, -10, -7, -4, -9, -9, -8, -7.5, -6, -4, -3, -7, -10, -8, -5, -10, -10, -10, -6, -2, 1, 1, -7.1, -7.2, -5, -7.5, -6, 0, 


LP problem is primal infeasible(dual unbounded)

target function value: 0
Values: {0.00,0.00,0.00,0.00,0.00,0.00,0.00,0.00,0.00,0.00,0.00,0.00,0.00,0.00,0.00,0.00,0.00,0.00,0.00,0.00,0.00,0.00,0.00,0.00,0.00,0.00,0.00,0.00,0.00,0.00,0.00,0.00,0.00,0.00,0.00,0.00,0.00,0.00}
dual variables: 0, 0, 0, 0, 0, 
primal feasibility error: 0
iteration count: 4
array[N+M], statuses of box (N) and linear (M) constraints: stats: 0, 0, 0, 0, 0, 0, 0, 0, 0, 0, 0, 0, 0, 0, 0, 0, 0, 0, 0, 0, 0, 0, 0, 0, 0, 0, 0, 0, 0, 0, 0, 0, 0, 0, 0, 0, 0, 0, 0, 0, 0, 0, 0, 

---------------------------------


ID: gran33

cn: 676.29, 25.18, 463.65, 289.41, 8545.47, 
c: -7, -5, -5, -7, -7, -3, -0.3, -5.7, -3, -1.3, -10, -10, -7, -4, -9, -9, -8, -7.5, -6, -4, -3, -7, -10, -8, -5, -10, -10, -10, -6, -2, 1, 1, -7.1, -7.2, -5, -7.5, -6, 0, 


successful completion 1

target function value: -723.160487532827
Values: {0.00,0.00,34.01,0.00,32.75,0.00,0.00,0.00,0.00,0.00,0.00,0.00,0.00,0.00,0.00,0.00,0.00,0.00,0.00,0.00,0.00,0.00,0.64,0.00,0.00,0.00,30.88,0.00,0.00,0.00,0.00,0.00,0.00,0.00,1.72,0.00,0.00,0.00}
dual variables: -0.716005963487566, -0.1, 0.540204865556978, 1.27062275913971, -0.1, 
primal feasibility error: 0
iteration count: 7
array[N+M], statuses of box (N) and linear (M) constraints: stats: -1, -1, 0, -1, 0, -1, -1, -1, -1, -1, -1, -1, -1, -1, -1, -1, -1, -1, -1, -1, -1, -1, 0, -1, -1, -1, 0, -1, -1, -1, -1, -1, -1, -1, 0, -1, -1, -1, -1, -1, -1, -1, -1, 

---------------------------------

