        int[] variablesSimplex = new int[] { -1, -1, -1, -1, -1, -1, -1, -1, -1, -1, -1, -1, -1, -1, -1, -1, -1, -1, -1, -1, -1, -1, -1, -1, -1, -1, -1, -1, -1, -1, -1, -1, -1, -1, -1, -1, -1, -1, -1, -1, -1, -1, -1, -1, -1, -1, 0, 0, 0, 0, 0, 0, 0, 0, 0, 0, 0, 0, 0, 0, 0, 0 };

Tableau 0:
867.000   0.000     10.410    10.400    9.817     9.850     15.373    0.000     0.000     0.000     0.000     9.675     10.094    19.500    16.460    7.539     7.370     1.563     3.420     0.930     12.529    17.814    0.000     0.000     0.000     0.000     0.000     0.000     0.000     0.000     0.000     0.000     0.000     20.750    9.440     0.000     13.070    18.030    0.000     0.000     0.000     0.000     0.000     0.000     0.000     2.050     0.000     1.000     0.000     0.000     0.000     0.000     0.000     0.000     0.000     0.000     0.000     0.000     0.000     0.000     0.000     0.000     0.000     
0.210     0.000     0.000     0.000     0.000     0.000     0.000     0.000     0.000     0.000     0.000     0.000     0.000     0.000     0.000     0.000     0.000     0.000     0.000     0.000     0.000     0.000     0.000     0.000     0.000     0.000     0.000     46.000    0.000     0.000     0.000     0.000     0.000     0.000     0.000     0.000     0.000     0.000     100.000   0.000     0.000     0.000     0.000     0.000     0.000     0.000     0.000     0.000     1.000     0.000     0.000     0.000     0.000     0.000     0.000     0.000     0.000     0.000     0.000     0.000     0.000     0.000     0.000     
6.800     0.000     0.000     0.000     0.000     0.250     0.000     0.000     0.000     0.000     0.000     0.000     0.000     0.000     0.000     0.000     0.000     0.000     0.000     0.000     0.000     0.000     0.000     0.000     0.000     0.000     0.000     0.000     0.000     0.000     0.000     0.000     58.840    0.000     0.000     0.000     0.000     0.000     0.000     100.000   0.000     0.000     0.000     0.000     0.000     0.000     0.000     0.000     0.000     1.000     0.000     0.000     0.000     0.000     0.000     0.000     0.000     0.000     0.000     0.000     0.000     0.000     0.000     
122.000   0.000     0.380     0.000     0.121     0.000     7.891     40.044    20.019    21.730    29.440    0.107     0.038     0.000     0.000     0.016     0.143     8.717     8.630     9.324     16.526    17.639    0.000     39.058    0.000     0.000     0.000     0.000     0.000     0.000     20.440    0.000     0.000     0.040     0.490     0.000     1.430     0.450     0.000     0.000     100.000   0.000     0.000     0.000     0.000     0.000     0.000     0.000     0.000     0.000     1.000     0.000     0.000     0.000     0.000     0.000     0.000     0.000     0.000     0.000     0.000     0.000     0.000     
1.490     0.000     0.000     0.000     0.000     0.000     0.000     0.000     0.000     0.000     0.000     0.000     0.000     0.000     0.000     0.000     0.000     0.000     0.000     0.000     0.000     0.000     0.000     0.000     34.500    0.000     0.000     0.000     0.000     79.850    0.000     0.000     0.000     0.000     0.000     0.000     0.000     0.000     0.000     0.000     0.000     100.000   0.000     0.000     0.000     33.860    0.000     0.000     0.000     0.000     0.000     1.000     0.000     0.000     0.000     0.000     0.000     0.000     0.000     0.000     0.000     0.000     0.000     
266.000   0.000     0.050     0.040     0.098     0.080     0.199     0.000     12.553    0.000     0.000     20.331    10.524    0.080     3.190     7.914     13.043    12.712    11.260    6.378     9.494     0.000     72.348    0.000     30.499    46.591    0.000     34.300    0.000     0.000     0.000     0.000     0.000     0.160     2.230     33.450    9.210     2.380     0.000     0.000     0.000     0.000     0.000     0.000     0.000     0.000     0.000     0.000     0.000     0.000     0.000     0.000     1.000     0.000     0.000     0.000     0.000     0.000     0.000     0.000     0.000     0.000     0.000     
292.000   0.000     0.110     0.240     13.337    13.500    0.142     0.000     0.000     0.000     0.000     0.016     0.034     8.370     9.140     7.863     7.347     0.104     0.430     0.067     0.000     0.000     0.000     0.000     0.000     0.000     0.000     0.000     0.000     0.000     0.000     0.000     0.000     0.170     0.370     7.810     0.040     0.010     0.000     0.000     0.000     0.000     100.000   0.000     0.000     0.000     0.000     0.000     0.000     0.000     0.000     0.000     0.000     1.000     0.000     0.000     0.000     0.000     0.000     0.000     0.000     0.000     0.000     
64.000    0.000     0.010     0.020     0.000     0.000     -0.001    0.000     6.072     13.180    0.000     9.355     14.365    0.050     0.810     11.834    8.209     8.065     8.030     11.457    0.019     0.000     0.000     0.000     0.000     0.000     0.000     0.000     0.000     0.000     0.000     0.000     0.000     0.040     1.870     0.000     5.230     5.690     0.000     0.000     0.000     0.000     0.000     100.000   0.000     0.000     0.000     0.000     0.000     0.000     0.000     0.000     0.000     0.000     1.000     0.000     0.000     0.000     0.000     0.000     0.000     0.000     0.000     
4.770     0.000     0.000     0.000     0.000     0.030     -0.007    0.000     0.000     0.000     0.000     0.079     0.039     0.093     0.000     0.052     0.069     0.091     0.480     0.123     0.180     0.000     0.000     0.000     0.000     0.000     0.000     0.000     0.000     0.000     0.000     0.000     0.000     0.000     0.023     0.000     0.000     0.000     0.000     0.000     0.000     0.000     0.000     0.000     0.000     0.000     100.000   0.000     0.000     0.000     0.000     0.000     0.000     0.000     0.000     1.000     0.000     0.000     0.000     0.000     0.000     0.000     0.000     
0.080     0.000     0.000     0.000     0.000     0.000     0.000     0.000     0.000     0.000     0.000     0.000     0.000     0.000     0.000     0.000     0.000     0.000     0.000     0.000     0.000     0.000     0.000     0.000     0.000     0.000     0.000     0.000     59.900    0.000     0.000     0.000     0.000     0.000     0.000     0.000     0.000     0.000     0.000     0.000     0.000     0.000     0.000     0.000     0.000     0.000     0.000     0.000     0.000     0.000     0.000     0.000     0.000     0.000     0.000     0.000     1.000     0.000     0.000     0.000     0.000     0.000     0.000     
397.000   0.000     7.800     8.210     0.126     0.310     3.851     0.000     0.000     0.000     0.000     0.046     0.029     0.470     0.080     0.072     0.077     0.204     0.780     0.208     0.000     0.000     0.000     0.000     0.000     0.000     0.000     0.000     0.000     0.000     0.000     0.000     0.000     0.070     1.610     0.000     1.260     1.460     0.000     0.000     0.000     0.000     0.000     0.000     100.000   0.000     0.000     0.000     0.000     0.000     0.000     0.000     0.000     0.000     0.000     0.000     0.000     1.000     0.000     0.000     0.000     0.000     0.000     
7.300     0.000     0.000     0.000     0.000     0.000     0.000     0.000     0.000     0.000     0.000     0.000     0.000     0.000     0.000     0.000     0.000     0.000     0.000     0.000     0.000     0.000     0.000     18.175    0.000     0.000     0.000     0.000     0.000     0.000     0.000     0.000     0.000     0.000     0.000     0.000     0.000     0.000     0.000     0.000     0.000     0.000     0.000     0.000     0.000     0.000     0.000     0.000     0.000     0.000     0.000     0.000     0.000     0.000     0.000     0.000     0.000     0.000     1.000     0.000     0.000     0.000     0.000     
1.000     0.000     0.000     0.000     0.000     0.000     0.000     0.000     0.000     0.000     23.550    0.000     0.000     0.000     0.000     0.000     0.000     0.000     0.000     0.000     0.000     0.000     0.000     0.000     35.000    53.400    0.000     19.700    40.100    20.150    0.000     0.000     13.740    0.000     0.000     12.810    0.000     0.000     0.000     0.000     0.000     0.000     0.000     0.000     0.000     0.000     0.000     0.000     0.000     0.000     0.000     0.000     0.000     0.000     0.000     0.000     0.000     0.000     0.000     1.000     0.000     0.000     0.000     
30.000    0.000     0.000     0.000     0.000     0.030     0.002     0.000     0.000     0.000     0.000     0.016     0.027     0.000     0.100     1.009     0.920     0.057     0.530     0.077     0.000     0.000     0.000     0.000     0.000     0.000     0.000     0.000     0.000     0.000     24.466    59.965    0.000     0.050     0.040     0.000     1.510     0.240     0.000     0.000     0.000     0.000     0.000     0.000     0.000     0.000     0.000     0.000     0.000     0.000     0.000     0.000     0.000     0.000     0.000     0.000     0.000     0.000     0.000     0.000     1.000     0.000     0.000     
0.051     0.000     0.000     0.000     0.000     0.000     0.000     0.000     0.000     0.000     0.000     0.000     0.000     0.000     0.000     0.000     0.000     0.000     0.000     0.000     0.000     0.000     0.000     0.000     0.000     0.000     88.150    0.000     0.000     0.000     0.000     0.000     0.000     0.000     0.000     0.000     0.000     0.000     0.000     0.000     0.000     0.000     0.000     0.000     0.000     0.000     0.000     0.000     0.000     0.000     0.000     0.000     0.000     0.000     0.000     0.000     0.000     0.000     0.000     0.000     0.000     1.000     0.000     
7940.300  100.000   81.240    81.090    76.500    75.950    72.550    59.960    61.360    65.090    47.010    60.380    64.850    71.440    70.220    63.700    62.820    68.490    66.440    71.440    61.250    64.550    27.650    42.770    0.000     0.010     11.850    0.000     0.000     0.000     55.090    40.040    27.420    78.720    83.930    45.930    68.250    71.740    0.000     0.000     0.000     0.000     0.000     0.000     0.000     64.090    0.000     0.000     0.000     0.000     0.000     0.000     0.000     0.000     0.000     0.000     0.000     0.000     0.000     0.000     0.000     0.000     1.000     
0.000     -7.000    -5.000    -5.000    -7.000    -7.000    -3.000    -0.300    -5.400    -3.000    -0.700    -10.000   -10.000   -7.100    -5.000    -9.000    -9.500    -8.000    -7.500    -6.000    -4.000    -3.000    -7.000    -10.000   -8.000    -5.000    -10.000   -10.000   -10.000   -6.000    -2.000    1.000     1.000     -7.200    -7.200    -5.000    -7.500    -6.000    100.000   100.000   100.000   100.000   100.000   100.000   100.000   0.000     100.000   0.000     0.000     0.000     0.000     0.000     0.000     0.000     0.000     0.000     0.000     0.000     0.000     0.000     0.000     0.000     0.000     

Tableau 1:
867.000   0.000     10.410    10.400    9.817     9.850     15.373    0.000     0.000     0.000     0.000     9.675     10.094    19.500    16.460    7.539     7.370     1.563     3.420     0.930     12.529    17.814    0.000     0.000     0.000     0.000     0.000     0.000     0.000     0.000     0.000     0.000     0.000     20.750    9.440     0.000     13.070    18.030    0.000     0.000     0.000     0.000     0.000     0.000     0.000     2.050     0.000     1.000     0.000     0.000     0.000     0.000     0.000     0.000     0.000     0.000     0.000     0.000     0.000     0.000     0.000     0.000     0.000     
0.210     0.000     0.000     0.000     0.000     0.000     0.000     0.000     0.000     0.000     0.000     0.000     0.000     0.000     0.000     0.000     0.000     0.000     0.000     0.000     0.000     0.000     0.000     0.000     0.000     0.000     0.000     46.000    0.000     0.000     0.000     0.000     0.000     0.000     0.000     0.000     0.000     0.000     100.000   0.000     0.000     0.000     0.000     0.000     0.000     0.000     0.000     0.000     1.000     0.000     0.000     0.000     0.000     0.000     0.000     0.000     0.000     0.000     0.000     0.000     0.000     0.000     0.000     
6.800     0.000     0.000     0.000     0.000     0.250     0.000     0.000     0.000     0.000     0.000     0.000     0.000     0.000     0.000     0.000     0.000     0.000     0.000     0.000     0.000     0.000     0.000     0.000     0.000     0.000     0.000     0.000     0.000     0.000     0.000     0.000     58.840    0.000     0.000     0.000     0.000     0.000     0.000     100.000   0.000     0.000     0.000     0.000     0.000     0.000     0.000     0.000     0.000     1.000     0.000     0.000     0.000     0.000     0.000     0.000     0.000     0.000     0.000     0.000     0.000     0.000     0.000     
122.000   0.000     0.380     0.000     0.121     0.000     7.891     40.044    20.019    21.730    29.440    0.107     0.038     0.000     0.000     0.016     0.143     8.717     8.630     9.324     16.526    17.639    0.000     39.058    0.000     0.000     0.000     0.000     0.000     0.000     20.440    0.000     0.000     0.040     0.490     0.000     1.430     0.450     0.000     0.000     100.000   0.000     0.000     0.000     0.000     0.000     0.000     0.000     0.000     0.000     1.000     0.000     0.000     0.000     0.000     0.000     0.000     0.000     0.000     0.000     0.000     0.000     0.000     
1.490     0.000     0.000     0.000     0.000     0.000     0.000     0.000     0.000     0.000     0.000     0.000     0.000     0.000     0.000     0.000     0.000     0.000     0.000     0.000     0.000     0.000     0.000     0.000     34.500    0.000     0.000     0.000     0.000     79.850    0.000     0.000     0.000     0.000     0.000     0.000     0.000     0.000     0.000     0.000     0.000     100.000   0.000     0.000     0.000     33.860    0.000     0.000     0.000     0.000     0.000     1.000     0.000     0.000     0.000     0.000     0.000     0.000     0.000     0.000     0.000     0.000     0.000     
266.000   0.000     0.050     0.040     0.098     0.080     0.199     0.000     12.553    0.000     0.000     20.331    10.524    0.080     3.190     7.914     13.043    12.712    11.260    6.378     9.494     0.000     72.348    0.000     30.499    46.591    0.000     34.300    0.000     0.000     0.000     0.000     0.000     0.160     2.230     33.450    9.210     2.380     0.000     0.000     0.000     0.000     0.000     0.000     0.000     0.000     0.000     0.000     0.000     0.000     0.000     0.000     1.000     0.000     0.000     0.000     0.000     0.000     0.000     0.000     0.000     0.000     0.000     
292.000   0.000     0.110     0.240     13.337    13.500    0.142     0.000     0.000     0.000     0.000     0.016     0.034     8.370     9.140     7.863     7.347     0.104     0.430     0.067     0.000     0.000     0.000     0.000     0.000     0.000     0.000     0.000     0.000     0.000     0.000     0.000     0.000     0.170     0.370     7.810     0.040     0.010     0.000     0.000     0.000     0.000     100.000   0.000     0.000     0.000     0.000     0.000     0.000     0.000     0.000     0.000     0.000     1.000     0.000     0.000     0.000     0.000     0.000     0.000     0.000     0.000     0.000     
64.000    0.000     0.010     0.020     0.000     0.000     -0.001    0.000     6.072     13.180    0.000     9.355     14.365    0.050     0.810     11.834    8.209     8.065     8.030     11.457    0.019     0.000     0.000     0.000     0.000     0.000     0.000     0.000     0.000     0.000     0.000     0.000     0.000     0.040     1.870     0.000     5.230     5.690     0.000     0.000     0.000     0.000     0.000     100.000   0.000     0.000     0.000     0.000     0.000     0.000     0.000     0.000     0.000     0.000     1.000     0.000     0.000     0.000     0.000     0.000     0.000     0.000     0.000     
4.770     0.000     0.000     0.000     0.000     0.030     -0.007    0.000     0.000     0.000     0.000     0.079     0.039     0.093     0.000     0.052     0.069     0.091     0.480     0.123     0.180     0.000     0.000     0.000     0.000     0.000     0.000     0.000     0.000     0.000     0.000     0.000     0.000     0.000     0.023     0.000     0.000     0.000     0.000     0.000     0.000     0.000     0.000     0.000     0.000     0.000     100.000   0.000     0.000     0.000     0.000     0.000     0.000     0.000     0.000     1.000     0.000     0.000     0.000     0.000     0.000     0.000     0.000     
0.001     0.000     0.000     0.000     0.000     0.000     0.000     0.000     0.000     0.000     0.000     0.000     0.000     0.000     0.000     0.000     0.000     0.000     0.000     0.000     0.000     0.000     0.000     0.000     0.000     0.000     0.000     0.000     1.000     0.000     0.000     0.000     0.000     0.000     0.000     0.000     0.000     0.000     0.000     0.000     0.000     0.000     0.000     0.000     0.000     0.000     0.000     0.000     0.000     0.000     0.000     0.000     0.000     0.000     0.000     0.000     0.017     0.000     0.000     0.000     0.000     0.000     0.000     
397.000   0.000     7.800     8.210     0.126     0.310     3.851     0.000     0.000     0.000     0.000     0.046     0.029     0.470     0.080     0.072     0.077     0.204     0.780     0.208     0.000     0.000     0.000     0.000     0.000     0.000     0.000     0.000     0.000     0.000     0.000     0.000     0.000     0.070     1.610     0.000     1.260     1.460     0.000     0.000     0.000     0.000     0.000     0.000     100.000   0.000     0.000     0.000     0.000     0.000     0.000     0.000     0.000     0.000     0.000     0.000     0.000     1.000     0.000     0.000     0.000     0.000     0.000     
7.300     0.000     0.000     0.000     0.000     0.000     0.000     0.000     0.000     0.000     0.000     0.000     0.000     0.000     0.000     0.000     0.000     0.000     0.000     0.000     0.000     0.000     0.000     18.175    0.000     0.000     0.000     0.000     0.000     0.000     0.000     0.000     0.000     0.000     0.000     0.000     0.000     0.000     0.000     0.000     0.000     0.000     0.000     0.000     0.000     0.000     0.000     0.000     0.000     0.000     0.000     0.000     0.000     0.000     0.000     0.000     0.000     0.000     1.000     0.000     0.000     0.000     0.000     
0.946     0.000     0.000     0.000     0.000     0.000     0.000     0.000     0.000     0.000     23.550    0.000     0.000     0.000     0.000     0.000     0.000     0.000     0.000     0.000     0.000     0.000     0.000     0.000     35.000    53.400    0.000     19.700    0.000     20.150    0.000     0.000     13.740    0.000     0.000     12.810    0.000     0.000     0.000     0.000     0.000     0.000     0.000     0.000     0.000     0.000     0.000     0.000     0.000     0.000     0.000     0.000     0.000     0.000     0.000     0.000     -0.669    0.000     0.000     1.000     0.000     0.000     0.000     
30.000    0.000     0.000     0.000     0.000     0.030     0.002     0.000     0.000     0.000     0.000     0.016     0.027     0.000     0.100     1.009     0.920     0.057     0.530     0.077     0.000     0.000     0.000     0.000     0.000     0.000     0.000     0.000     0.000     0.000     24.466    59.965    0.000     0.050     0.040     0.000     1.510     0.240     0.000     0.000     0.000     0.000     0.000     0.000     0.000     0.000     0.000     0.000     0.000     0.000     0.000     0.000     0.000     0.000     0.000     0.000     0.000     0.000     0.000     0.000     1.000     0.000     0.000     
0.051     0.000     0.000     0.000     0.000     0.000     0.000     0.000     0.000     0.000     0.000     0.000     0.000     0.000     0.000     0.000     0.000     0.000     0.000     0.000     0.000     0.000     0.000     0.000     0.000     0.000     88.150    0.000     0.000     0.000     0.000     0.000     0.000     0.000     0.000     0.000     0.000     0.000     0.000     0.000     0.000     0.000     0.000     0.000     0.000     0.000     0.000     0.000     0.000     0.000     0.000     0.000     0.000     0.000     0.000     0.000     0.000     0.000     0.000     0.000     0.000     1.000     0.000     
7940.300  100.000   81.240    81.090    76.500    75.950    72.550    59.960    61.360    65.090    47.010    60.380    64.850    71.440    70.220    63.700    62.820    68.490    66.440    71.440    61.250    64.550    27.650    42.770    0.000     0.010     11.850    0.000     0.000     0.000     55.090    40.040    27.420    78.720    83.930    45.930    68.250    71.740    0.000     0.000     0.000     0.000     0.000     0.000     0.000     64.090    0.000     0.000     0.000     0.000     0.000     0.000     0.000     0.000     0.000     0.000     0.000     0.000     0.000     0.000     0.000     0.000     1.000     
0.013     -7.000    -5.000    -5.000    -7.000    -7.000    -3.000    -0.300    -5.400    -3.000    -0.700    -10.000   -10.000   -7.100    -5.000    -9.000    -9.500    -8.000    -7.500    -6.000    -4.000    -3.000    -7.000    -10.000   -8.000    -5.000    -10.000   -10.000   0.000     -6.000    -2.000    1.000     1.000     -7.200    -7.200    -5.000    -7.500    -6.000    100.000   100.000   100.000   100.000   100.000   100.000   100.000   0.000     100.000   0.000     0.000     0.000     0.000     0.000     0.000     0.000     0.000     0.000     0.167     0.000     0.000     0.000     0.000     0.000     0.000     

Tableau 2:
867.000   0.000     10.410    10.400    9.817     9.850     15.373    0.000     0.000     0.000     0.000     9.675     10.094    19.500    16.460    7.539     7.370     1.563     3.420     0.930     12.529    17.814    0.000     0.000     0.000     0.000     0.000     0.000     0.000     0.000     0.000     0.000     0.000     20.750    9.440     0.000     13.070    18.030    0.000     0.000     0.000     0.000     0.000     0.000     0.000     2.050     0.000     1.000     0.000     0.000     0.000     0.000     0.000     0.000     0.000     0.000     0.000     0.000     0.000     0.000     0.000     0.000     0.000     
0.005     0.000     0.000     0.000     0.000     0.000     0.000     0.000     0.000     0.000     0.000     0.000     0.000     0.000     0.000     0.000     0.000     0.000     0.000     0.000     0.000     0.000     0.000     0.000     0.000     0.000     0.000     1.000     0.000     0.000     0.000     0.000     0.000     0.000     0.000     0.000     0.000     0.000     2.174     0.000     0.000     0.000     0.000     0.000     0.000     0.000     0.000     0.000     0.022     0.000     0.000     0.000     0.000     0.000     0.000     0.000     0.000     0.000     0.000     0.000     0.000     0.000     0.000     
6.800     0.000     0.000     0.000     0.000     0.250     0.000     0.000     0.000     0.000     0.000     0.000     0.000     0.000     0.000     0.000     0.000     0.000     0.000     0.000     0.000     0.000     0.000     0.000     0.000     0.000     0.000     0.000     0.000     0.000     0.000     0.000     58.840    0.000     0.000     0.000     0.000     0.000     0.000     100.000   0.000     0.000     0.000     0.000     0.000     0.000     0.000     0.000     0.000     1.000     0.000     0.000     0.000     0.000     0.000     0.000     0.000     0.000     0.000     0.000     0.000     0.000     0.000     
122.000   0.000     0.380     0.000     0.121     0.000     7.891     40.044    20.019    21.730    29.440    0.107     0.038     0.000     0.000     0.016     0.143     8.717     8.630     9.324     16.526    17.639    0.000     39.058    0.000     0.000     0.000     0.000     0.000     0.000     20.440    0.000     0.000     0.040     0.490     0.000     1.430     0.450     0.000     0.000     100.000   0.000     0.000     0.000     0.000     0.000     0.000     0.000     0.000     0.000     1.000     0.000     0.000     0.000     0.000     0.000     0.000     0.000     0.000     0.000     0.000     0.000     0.000     
1.490     0.000     0.000     0.000     0.000     0.000     0.000     0.000     0.000     0.000     0.000     0.000     0.000     0.000     0.000     0.000     0.000     0.000     0.000     0.000     0.000     0.000     0.000     0.000     34.500    0.000     0.000     0.000     0.000     79.850    0.000     0.000     0.000     0.000     0.000     0.000     0.000     0.000     0.000     0.000     0.000     100.000   0.000     0.000     0.000     33.860    0.000     0.000     0.000     0.000     0.000     1.000     0.000     0.000     0.000     0.000     0.000     0.000     0.000     0.000     0.000     0.000     0.000     
265.843   0.000     0.050     0.040     0.098     0.080     0.199     0.000     12.553    0.000     0.000     20.331    10.524    0.080     3.190     7.914     13.043    12.712    11.260    6.378     9.494     0.000     72.348    0.000     30.499    46.591    0.000     0.000     0.000     0.000     0.000     0.000     0.000     0.160     2.230     33.450    9.210     2.380     -74.565   0.000     0.000     0.000     0.000     0.000     0.000     0.000     0.000     0.000     -0.746    0.000     0.000     0.000     1.000     0.000     0.000     0.000     0.000     0.000     0.000     0.000     0.000     0.000     0.000     
292.000   0.000     0.110     0.240     13.337    13.500    0.142     0.000     0.000     0.000     0.000     0.016     0.034     8.370     9.140     7.863     7.347     0.104     0.430     0.067     0.000     0.000     0.000     0.000     0.000     0.000     0.000     0.000     0.000     0.000     0.000     0.000     0.000     0.170     0.370     7.810     0.040     0.010     0.000     0.000     0.000     0.000     100.000   0.000     0.000     0.000     0.000     0.000     0.000     0.000     0.000     0.000     0.000     1.000     0.000     0.000     0.000     0.000     0.000     0.000     0.000     0.000     0.000     
64.000    0.000     0.010     0.020     0.000     0.000     -0.001    0.000     6.072     13.180    0.000     9.355     14.365    0.050     0.810     11.834    8.209     8.065     8.030     11.457    0.019     0.000     0.000     0.000     0.000     0.000     0.000     0.000     0.000     0.000     0.000     0.000     0.000     0.040     1.870     0.000     5.230     5.690     0.000     0.000     0.000     0.000     0.000     100.000   0.000     0.000     0.000     0.000     0.000     0.000     0.000     0.000     0.000     0.000     1.000     0.000     0.000     0.000     0.000     0.000     0.000     0.000     0.000     
4.770     0.000     0.000     0.000     0.000     0.030     -0.007    0.000     0.000     0.000     0.000     0.079     0.039     0.093     0.000     0.052     0.069     0.091     0.480     0.123     0.180     0.000     0.000     0.000     0.000     0.000     0.000     0.000     0.000     0.000     0.000     0.000     0.000     0.000     0.023     0.000     0.000     0.000     0.000     0.000     0.000     0.000     0.000     0.000     0.000     0.000     100.000   0.000     0.000     0.000     0.000     0.000     0.000     0.000     0.000     1.000     0.000     0.000     0.000     0.000     0.000     0.000     0.000     
0.001     0.000     0.000     0.000     0.000     0.000     0.000     0.000     0.000     0.000     0.000     0.000     0.000     0.000     0.000     0.000     0.000     0.000     0.000     0.000     0.000     0.000     0.000     0.000     0.000     0.000     0.000     0.000     1.000     0.000     0.000     0.000     0.000     0.000     0.000     0.000     0.000     0.000     0.000     0.000     0.000     0.000     0.000     0.000     0.000     0.000     0.000     0.000     0.000     0.000     0.000     0.000     0.000     0.000     0.000     0.000     0.017     0.000     0.000     0.000     0.000     0.000     0.000     
397.000   0.000     7.800     8.210     0.126     0.310     3.851     0.000     0.000     0.000     0.000     0.046     0.029     0.470     0.080     0.072     0.077     0.204     0.780     0.208     0.000     0.000     0.000     0.000     0.000     0.000     0.000     0.000     0.000     0.000     0.000     0.000     0.000     0.070     1.610     0.000     1.260     1.460     0.000     0.000     0.000     0.000     0.000     0.000     100.000   0.000     0.000     0.000     0.000     0.000     0.000     0.000     0.000     0.000     0.000     0.000     0.000     1.000     0.000     0.000     0.000     0.000     0.000     
7.300     0.000     0.000     0.000     0.000     0.000     0.000     0.000     0.000     0.000     0.000     0.000     0.000     0.000     0.000     0.000     0.000     0.000     0.000     0.000     0.000     0.000     0.000     18.175    0.000     0.000     0.000     0.000     0.000     0.000     0.000     0.000     0.000     0.000     0.000     0.000     0.000     0.000     0.000     0.000     0.000     0.000     0.000     0.000     0.000     0.000     0.000     0.000     0.000     0.000     0.000     0.000     0.000     0.000     0.000     0.000     0.000     0.000     1.000     0.000     0.000     0.000     0.000     
0.857     0.000     0.000     0.000     0.000     0.000     0.000     0.000     0.000     0.000     23.550    0.000     0.000     0.000     0.000     0.000     0.000     0.000     0.000     0.000     0.000     0.000     0.000     0.000     35.000    53.400    0.000     0.000     0.000     20.150    0.000     0.000     13.740    0.000     0.000     12.810    0.000     0.000     -42.826   0.000     0.000     0.000     0.000     0.000     0.000     0.000     0.000     0.000     -0.428    0.000     0.000     0.000     0.000     0.000     0.000     0.000     -0.669    0.000     0.000     1.000     0.000     0.000     0.000     
30.000    0.000     0.000     0.000     0.000     0.030     0.002     0.000     0.000     0.000     0.000     0.016     0.027     0.000     0.100     1.009     0.920     0.057     0.530     0.077     0.000     0.000     0.000     0.000     0.000     0.000     0.000     0.000     0.000     0.000     24.466    59.965    0.000     0.050     0.040     0.000     1.510     0.240     0.000     0.000     0.000     0.000     0.000     0.000     0.000     0.000     0.000     0.000     0.000     0.000     0.000     0.000     0.000     0.000     0.000     0.000     0.000     0.000     0.000     0.000     1.000     0.000     0.000     
0.051     0.000     0.000     0.000     0.000     0.000     0.000     0.000     0.000     0.000     0.000     0.000     0.000     0.000     0.000     0.000     0.000     0.000     0.000     0.000     0.000     0.000     0.000     0.000     0.000     0.000     88.150    0.000     0.000     0.000     0.000     0.000     0.000     0.000     0.000     0.000     0.000     0.000     0.000     0.000     0.000     0.000     0.000     0.000     0.000     0.000     0.000     0.000     0.000     0.000     0.000     0.000     0.000     0.000     0.000     0.000     0.000     0.000     0.000     0.000     0.000     1.000     0.000     
7940.300  100.000   81.240    81.090    76.500    75.950    72.550    59.960    61.360    65.090    47.010    60.380    64.850    71.440    70.220    63.700    62.820    68.490    66.440    71.440    61.250    64.550    27.650    42.770    0.000     0.010     11.850    0.000     0.000     0.000     55.090    40.040    27.420    78.720    83.930    45.930    68.250    71.740    0.000     0.000     0.000     0.000     0.000     0.000     0.000     64.090    0.000     0.000     0.000     0.000     0.000     0.000     0.000     0.000     0.000     0.000     0.000     0.000     0.000     0.000     0.000     0.000     1.000     
0.059     -7.000    -5.000    -5.000    -7.000    -7.000    -3.000    -0.300    -5.400    -3.000    -0.700    -10.000   -10.000   -7.100    -5.000    -9.000    -9.500    -8.000    -7.500    -6.000    -4.000    -3.000    -7.000    -10.000   -8.000    -5.000    -10.000   0.000     0.000     -6.000    -2.000    1.000     1.000     -7.200    -7.200    -5.000    -7.500    -6.000    121.739   100.000   100.000   100.000   100.000   100.000   100.000   0.000     100.000   0.000     0.217     0.000     0.000     0.000     0.000     0.000     0.000     0.000     0.167     0.000     0.000     0.000     0.000     0.000     0.000     

Tableau 3:
867.000   0.000     10.410    10.400    9.817     9.850     15.373    0.000     0.000     0.000     0.000     9.675     10.094    19.500    16.460    7.539     7.370     1.563     3.420     0.930     12.529    17.814    0.000     0.000     0.000     0.000     0.000     0.000     0.000     0.000     0.000     0.000     0.000     20.750    9.440     0.000     13.070    18.030    0.000     0.000     0.000     0.000     0.000     0.000     0.000     2.050     0.000     1.000     0.000     0.000     0.000     0.000     0.000     0.000     0.000     0.000     0.000     0.000     0.000     0.000     0.000     0.000     0.000     
0.005     0.000     0.000     0.000     0.000     0.000     0.000     0.000     0.000     0.000     0.000     0.000     0.000     0.000     0.000     0.000     0.000     0.000     0.000     0.000     0.000     0.000     0.000     0.000     0.000     0.000     0.000     1.000     0.000     0.000     0.000     0.000     0.000     0.000     0.000     0.000     0.000     0.000     2.174     0.000     0.000     0.000     0.000     0.000     0.000     0.000     0.000     0.000     0.022     0.000     0.000     0.000     0.000     0.000     0.000     0.000     0.000     0.000     0.000     0.000     0.000     0.000     0.000     
6.800     0.000     0.000     0.000     0.000     0.250     0.000     0.000     0.000     0.000     0.000     0.000     0.000     0.000     0.000     0.000     0.000     0.000     0.000     0.000     0.000     0.000     0.000     0.000     0.000     0.000     0.000     0.000     0.000     0.000     0.000     0.000     58.840    0.000     0.000     0.000     0.000     0.000     0.000     100.000   0.000     0.000     0.000     0.000     0.000     0.000     0.000     0.000     0.000     1.000     0.000     0.000     0.000     0.000     0.000     0.000     0.000     0.000     0.000     0.000     0.000     0.000     0.000     
122.000   0.000     0.380     0.000     0.121     0.000     7.891     40.044    20.019    21.730    29.440    0.107     0.038     0.000     0.000     0.016     0.143     8.717     8.630     9.324     16.526    17.639    0.000     39.058    0.000     0.000     0.000     0.000     0.000     0.000     20.440    0.000     0.000     0.040     0.490     0.000     1.430     0.450     0.000     0.000     100.000   0.000     0.000     0.000     0.000     0.000     0.000     0.000     0.000     0.000     1.000     0.000     0.000     0.000     0.000     0.000     0.000     0.000     0.000     0.000     0.000     0.000     0.000     
1.490     0.000     0.000     0.000     0.000     0.000     0.000     0.000     0.000     0.000     0.000     0.000     0.000     0.000     0.000     0.000     0.000     0.000     0.000     0.000     0.000     0.000     0.000     0.000     34.500    0.000     0.000     0.000     0.000     79.850    0.000     0.000     0.000     0.000     0.000     0.000     0.000     0.000     0.000     0.000     0.000     100.000   0.000     0.000     0.000     33.860    0.000     0.000     0.000     0.000     0.000     1.000     0.000     0.000     0.000     0.000     0.000     0.000     0.000     0.000     0.000     0.000     0.000     
265.843   0.000     0.050     0.040     0.098     0.080     0.199     0.000     12.553    0.000     0.000     20.331    10.524    0.080     3.190     7.914     13.043    12.712    11.260    6.378     9.494     0.000     72.348    0.000     30.499    46.591    0.000     0.000     0.000     0.000     0.000     0.000     0.000     0.160     2.230     33.450    9.210     2.380     -74.565   0.000     0.000     0.000     0.000     0.000     0.000     0.000     0.000     0.000     -0.746    0.000     0.000     0.000     1.000     0.000     0.000     0.000     0.000     0.000     0.000     0.000     0.000     0.000     0.000     
292.000   0.000     0.110     0.240     13.337    13.500    0.142     0.000     0.000     0.000     0.000     0.016     0.034     8.370     9.140     7.863     7.347     0.104     0.430     0.067     0.000     0.000     0.000     0.000     0.000     0.000     0.000     0.000     0.000     0.000     0.000     0.000     0.000     0.170     0.370     7.810     0.040     0.010     0.000     0.000     0.000     0.000     100.000   0.000     0.000     0.000     0.000     0.000     0.000     0.000     0.000     0.000     0.000     1.000     0.000     0.000     0.000     0.000     0.000     0.000     0.000     0.000     0.000     
64.000    0.000     0.010     0.020     0.000     0.000     -0.001    0.000     6.072     13.180    0.000     9.355     14.365    0.050     0.810     11.834    8.209     8.065     8.030     11.457    0.019     0.000     0.000     0.000     0.000     0.000     0.000     0.000     0.000     0.000     0.000     0.000     0.000     0.040     1.870     0.000     5.230     5.690     0.000     0.000     0.000     0.000     0.000     100.000   0.000     0.000     0.000     0.000     0.000     0.000     0.000     0.000     0.000     0.000     1.000     0.000     0.000     0.000     0.000     0.000     0.000     0.000     0.000     
4.770     0.000     0.000     0.000     0.000     0.030     -0.007    0.000     0.000     0.000     0.000     0.079     0.039     0.093     0.000     0.052     0.069     0.091     0.480     0.123     0.180     0.000     0.000     0.000     0.000     0.000     0.000     0.000     0.000     0.000     0.000     0.000     0.000     0.000     0.023     0.000     0.000     0.000     0.000     0.000     0.000     0.000     0.000     0.000     0.000     0.000     100.000   0.000     0.000     0.000     0.000     0.000     0.000     0.000     0.000     1.000     0.000     0.000     0.000     0.000     0.000     0.000     0.000     
0.001     0.000     0.000     0.000     0.000     0.000     0.000     0.000     0.000     0.000     0.000     0.000     0.000     0.000     0.000     0.000     0.000     0.000     0.000     0.000     0.000     0.000     0.000     0.000     0.000     0.000     0.000     0.000     1.000     0.000     0.000     0.000     0.000     0.000     0.000     0.000     0.000     0.000     0.000     0.000     0.000     0.000     0.000     0.000     0.000     0.000     0.000     0.000     0.000     0.000     0.000     0.000     0.000     0.000     0.000     0.000     0.017     0.000     0.000     0.000     0.000     0.000     0.000     
397.000   0.000     7.800     8.210     0.126     0.310     3.851     0.000     0.000     0.000     0.000     0.046     0.029     0.470     0.080     0.072     0.077     0.204     0.780     0.208     0.000     0.000     0.000     0.000     0.000     0.000     0.000     0.000     0.000     0.000     0.000     0.000     0.000     0.070     1.610     0.000     1.260     1.460     0.000     0.000     0.000     0.000     0.000     0.000     100.000   0.000     0.000     0.000     0.000     0.000     0.000     0.000     0.000     0.000     0.000     0.000     0.000     1.000     0.000     0.000     0.000     0.000     0.000     
7.300     0.000     0.000     0.000     0.000     0.000     0.000     0.000     0.000     0.000     0.000     0.000     0.000     0.000     0.000     0.000     0.000     0.000     0.000     0.000     0.000     0.000     0.000     18.175    0.000     0.000     0.000     0.000     0.000     0.000     0.000     0.000     0.000     0.000     0.000     0.000     0.000     0.000     0.000     0.000     0.000     0.000     0.000     0.000     0.000     0.000     0.000     0.000     0.000     0.000     0.000     0.000     0.000     0.000     0.000     0.000     0.000     0.000     1.000     0.000     0.000     0.000     0.000     
0.857     0.000     0.000     0.000     0.000     0.000     0.000     0.000     0.000     0.000     23.550    0.000     0.000     0.000     0.000     0.000     0.000     0.000     0.000     0.000     0.000     0.000     0.000     0.000     35.000    53.400    0.000     0.000     0.000     20.150    0.000     0.000     13.740    0.000     0.000     12.810    0.000     0.000     -42.826   0.000     0.000     0.000     0.000     0.000     0.000     0.000     0.000     0.000     -0.428    0.000     0.000     0.000     0.000     0.000     0.000     0.000     -0.669    0.000     0.000     1.000     0.000     0.000     0.000     
30.000    0.000     0.000     0.000     0.000     0.030     0.002     0.000     0.000     0.000     0.000     0.016     0.027     0.000     0.100     1.009     0.920     0.057     0.530     0.077     0.000     0.000     0.000     0.000     0.000     0.000     0.000     0.000     0.000     0.000     24.466    59.965    0.000     0.050     0.040     0.000     1.510     0.240     0.000     0.000     0.000     0.000     0.000     0.000     0.000     0.000     0.000     0.000     0.000     0.000     0.000     0.000     0.000     0.000     0.000     0.000     0.000     0.000     0.000     0.000     1.000     0.000     0.000     
0.001     0.000     0.000     0.000     0.000     0.000     0.000     0.000     0.000     0.000     0.000     0.000     0.000     0.000     0.000     0.000     0.000     0.000     0.000     0.000     0.000     0.000     0.000     0.000     0.000     0.000     1.000     0.000     0.000     0.000     0.000     0.000     0.000     0.000     0.000     0.000     0.000     0.000     0.000     0.000     0.000     0.000     0.000     0.000     0.000     0.000     0.000     0.000     0.000     0.000     0.000     0.000     0.000     0.000     0.000     0.000     0.000     0.000     0.000     0.000     0.000     0.011     0.000     
7940.293  100.000   81.240    81.090    76.500    75.950    72.550    59.960    61.360    65.090    47.010    60.380    64.850    71.440    70.220    63.700    62.820    68.490    66.440    71.440    61.250    64.550    27.650    42.770    0.000     0.010     0.000     0.000     0.000     0.000     55.090    40.040    27.420    78.720    83.930    45.930    68.250    71.740    0.000     0.000     0.000     0.000     0.000     0.000     0.000     64.090    0.000     0.000     0.000     0.000     0.000     0.000     0.000     0.000     0.000     0.000     0.000     0.000     0.000     0.000     0.000     -0.134    1.000     
0.065     -7.000    -5.000    -5.000    -7.000    -7.000    -3.000    -0.300    -5.400    -3.000    -0.700    -10.000   -10.000   -7.100    -5.000    -9.000    -9.500    -8.000    -7.500    -6.000    -4.000    -3.000    -7.000    -10.000   -8.000    -5.000    0.000     0.000     0.000     -6.000    -2.000    1.000     1.000     -7.200    -7.200    -5.000    -7.500    -6.000    121.739   100.000   100.000   100.000   100.000   100.000   100.000   0.000     100.000   0.000     0.217     0.000     0.000     0.000     0.000     0.000     0.000     0.000     0.167     0.000     0.000     0.000     0.000     0.113     0.000     

Tableau 4:
867.000   0.000     10.410    10.400    9.817     9.850     15.373    0.000     0.000     0.000     0.000     9.675     10.094    19.500    16.460    7.539     7.370     1.563     3.420     0.930     12.529    17.814    0.000     0.000     0.000     0.000     0.000     0.000     0.000     0.000     0.000     0.000     0.000     20.750    9.440     0.000     13.070    18.030    0.000     0.000     0.000     0.000     0.000     0.000     0.000     2.050     0.000     1.000     0.000     0.000     0.000     0.000     0.000     0.000     0.000     0.000     0.000     0.000     0.000     0.000     0.000     0.000     0.000     
0.005     0.000     0.000     0.000     0.000     0.000     0.000     0.000     0.000     0.000     0.000     0.000     0.000     0.000     0.000     0.000     0.000     0.000     0.000     0.000     0.000     0.000     0.000     0.000     0.000     0.000     0.000     1.000     0.000     0.000     0.000     0.000     0.000     0.000     0.000     0.000     0.000     0.000     2.174     0.000     0.000     0.000     0.000     0.000     0.000     0.000     0.000     0.000     0.022     0.000     0.000     0.000     0.000     0.000     0.000     0.000     0.000     0.000     0.000     0.000     0.000     0.000     0.000     
6.800     0.000     0.000     0.000     0.000     0.250     0.000     0.000     0.000     0.000     0.000     0.000     0.000     0.000     0.000     0.000     0.000     0.000     0.000     0.000     0.000     0.000     0.000     0.000     0.000     0.000     0.000     0.000     0.000     0.000     0.000     0.000     58.840    0.000     0.000     0.000     0.000     0.000     0.000     100.000   0.000     0.000     0.000     0.000     0.000     0.000     0.000     0.000     0.000     1.000     0.000     0.000     0.000     0.000     0.000     0.000     0.000     0.000     0.000     0.000     0.000     0.000     0.000     
106.313   0.000     0.380     0.000     0.121     0.000     7.891     40.044    20.019    21.730    29.440    0.107     0.038     0.000     0.000     0.016     0.143     8.717     8.630     9.324     16.526    17.639    0.000     0.000     0.000     0.000     0.000     0.000     0.000     0.000     20.440    0.000     0.000     0.040     0.490     0.000     1.430     0.450     0.000     0.000     100.000   0.000     0.000     0.000     0.000     0.000     0.000     0.000     0.000     0.000     1.000     0.000     0.000     0.000     0.000     0.000     0.000     0.000     -2.149    0.000     0.000     0.000     0.000     
1.490     0.000     0.000     0.000     0.000     0.000     0.000     0.000     0.000     0.000     0.000     0.000     0.000     0.000     0.000     0.000     0.000     0.000     0.000     0.000     0.000     0.000     0.000     0.000     34.500    0.000     0.000     0.000     0.000     79.850    0.000     0.000     0.000     0.000     0.000     0.000     0.000     0.000     0.000     0.000     0.000     100.000   0.000     0.000     0.000     33.860    0.000     0.000     0.000     0.000     0.000     1.000     0.000     0.000     0.000     0.000     0.000     0.000     0.000     0.000     0.000     0.000     0.000     
265.843   0.000     0.050     0.040     0.098     0.080     0.199     0.000     12.553    0.000     0.000     20.331    10.524    0.080     3.190     7.914     13.043    12.712    11.260    6.378     9.494     0.000     72.348    0.000     30.499    46.591    0.000     0.000     0.000     0.000     0.000     0.000     0.000     0.160     2.230     33.450    9.210     2.380     -74.565   0.000     0.000     0.000     0.000     0.000     0.000     0.000     0.000     0.000     -0.746    0.000     0.000     0.000     1.000     0.000     0.000     0.000     0.000     0.000     0.000     0.000     0.000     0.000     0.000     
292.000   0.000     0.110     0.240     13.337    13.500    0.142     0.000     0.000     0.000     0.000     0.016     0.034     8.370     9.140     7.863     7.347     0.104     0.430     0.067     0.000     0.000     0.000     0.000     0.000     0.000     0.000     0.000     0.000     0.000     0.000     0.000     0.000     0.170     0.370     7.810     0.040     0.010     0.000     0.000     0.000     0.000     100.000   0.000     0.000     0.000     0.000     0.000     0.000     0.000     0.000     0.000     0.000     1.000     0.000     0.000     0.000     0.000     0.000     0.000     0.000     0.000     0.000     
64.000    0.000     0.010     0.020     0.000     0.000     -0.001    0.000     6.072     13.180    0.000     9.355     14.365    0.050     0.810     11.834    8.209     8.065     8.030     11.457    0.019     0.000     0.000     0.000     0.000     0.000     0.000     0.000     0.000     0.000     0.000     0.000     0.000     0.040     1.870     0.000     5.230     5.690     0.000     0.000     0.000     0.000     0.000     100.000   0.000     0.000     0.000     0.000     0.000     0.000     0.000     0.000     0.000     0.000     1.000     0.000     0.000     0.000     0.000     0.000     0.000     0.000     0.000     
4.770     0.000     0.000     0.000     0.000     0.030     -0.007    0.000     0.000     0.000     0.000     0.079     0.039     0.093     0.000     0.052     0.069     0.091     0.480     0.123     0.180     0.000     0.000     0.000     0.000     0.000     0.000     0.000     0.000     0.000     0.000     0.000     0.000     0.000     0.023     0.000     0.000     0.000     0.000     0.000     0.000     0.000     0.000     0.000     0.000     0.000     100.000   0.000     0.000     0.000     0.000     0.000     0.000     0.000     0.000     1.000     0.000     0.000     0.000     0.000     0.000     0.000     0.000     
0.001     0.000     0.000     0.000     0.000     0.000     0.000     0.000     0.000     0.000     0.000     0.000     0.000     0.000     0.000     0.000     0.000     0.000     0.000     0.000     0.000     0.000     0.000     0.000     0.000     0.000     0.000     0.000     1.000     0.000     0.000     0.000     0.000     0.000     0.000     0.000     0.000     0.000     0.000     0.000     0.000     0.000     0.000     0.000     0.000     0.000     0.000     0.000     0.000     0.000     0.000     0.000     0.000     0.000     0.000     0.000     0.017     0.000     0.000     0.000     0.000     0.000     0.000     
397.000   0.000     7.800     8.210     0.126     0.310     3.851     0.000     0.000     0.000     0.000     0.046     0.029     0.470     0.080     0.072     0.077     0.204     0.780     0.208     0.000     0.000     0.000     0.000     0.000     0.000     0.000     0.000     0.000     0.000     0.000     0.000     0.000     0.070     1.610     0.000     1.260     1.460     0.000     0.000     0.000     0.000     0.000     0.000     100.000   0.000     0.000     0.000     0.000     0.000     0.000     0.000     0.000     0.000     0.000     0.000     0.000     1.000     0.000     0.000     0.000     0.000     0.000     
0.402     0.000     0.000     0.000     0.000     0.000     0.000     0.000     0.000     0.000     0.000     0.000     0.000     0.000     0.000     0.000     0.000     0.000     0.000     0.000     0.000     0.000     0.000     1.000     0.000     0.000     0.000     0.000     0.000     0.000     0.000     0.000     0.000     0.000     0.000     0.000     0.000     0.000     0.000     0.000     0.000     0.000     0.000     0.000     0.000     0.000     0.000     0.000     0.000     0.000     0.000     0.000     0.000     0.000     0.000     0.000     0.000     0.000     0.055     0.000     0.000     0.000     0.000     
0.857     0.000     0.000     0.000     0.000     0.000     0.000     0.000     0.000     0.000     23.550    0.000     0.000     0.000     0.000     0.000     0.000     0.000     0.000     0.000     0.000     0.000     0.000     0.000     35.000    53.400    0.000     0.000     0.000     20.150    0.000     0.000     13.740    0.000     0.000     12.810    0.000     0.000     -42.826   0.000     0.000     0.000     0.000     0.000     0.000     0.000     0.000     0.000     -0.428    0.000     0.000     0.000     0.000     0.000     0.000     0.000     -0.669    0.000     0.000     1.000     0.000     0.000     0.000     
30.000    0.000     0.000     0.000     0.000     0.030     0.002     0.000     0.000     0.000     0.000     0.016     0.027     0.000     0.100     1.009     0.920     0.057     0.530     0.077     0.000     0.000     0.000     0.000     0.000     0.000     0.000     0.000     0.000     0.000     24.466    59.965    0.000     0.050     0.040     0.000     1.510     0.240     0.000     0.000     0.000     0.000     0.000     0.000     0.000     0.000     0.000     0.000     0.000     0.000     0.000     0.000     0.000     0.000     0.000     0.000     0.000     0.000     0.000     0.000     1.000     0.000     0.000     
0.001     0.000     0.000     0.000     0.000     0.000     0.000     0.000     0.000     0.000     0.000     0.000     0.000     0.000     0.000     0.000     0.000     0.000     0.000     0.000     0.000     0.000     0.000     0.000     0.000     0.000     1.000     0.000     0.000     0.000     0.000     0.000     0.000     0.000     0.000     0.000     0.000     0.000     0.000     0.000     0.000     0.000     0.000     0.000     0.000     0.000     0.000     0.000     0.000     0.000     0.000     0.000     0.000     0.000     0.000     0.000     0.000     0.000     0.000     0.000     0.000     0.011     0.000     
7923.115  100.000   81.240    81.090    76.500    75.950    72.550    59.960    61.360    65.090    47.010    60.380    64.850    71.440    70.220    63.700    62.820    68.490    66.440    71.440    61.250    64.550    27.650    0.000     0.000     0.010     0.000     0.000     0.000     0.000     55.090    40.040    27.420    78.720    83.930    45.930    68.250    71.740    0.000     0.000     0.000     0.000     0.000     0.000     0.000     64.090    0.000     0.000     0.000     0.000     0.000     0.000     0.000     0.000     0.000     0.000     0.000     0.000     -2.353    0.000     0.000     -0.134    1.000     
4.081     -7.000    -5.000    -5.000    -7.000    -7.000    -3.000    -0.300    -5.400    -3.000    -0.700    -10.000   -10.000   -7.100    -5.000    -9.000    -9.500    -8.000    -7.500    -6.000    -4.000    -3.000    -7.000    0.000     -8.000    -5.000    0.000     0.000     0.000     -6.000    -2.000    1.000     1.000     -7.200    -7.200    -5.000    -7.500    -6.000    121.739   100.000   100.000   100.000   100.000   100.000   100.000   0.000     100.000   0.000     0.217     0.000     0.000     0.000     0.000     0.000     0.000     0.000     0.167     0.000     0.550     0.000     0.000     0.113     0.000     

Tableau 5:
822.030   0.000     10.403    10.386    9.817     9.850     15.374    0.000     -4.267    -9.261    0.000     3.102     0.000     19.465    15.891    -0.776    1.602     -4.104    -2.222    -7.121    12.516    17.814    0.000     0.000     0.000     0.000     0.000     0.000     0.000     0.000     0.000     0.000     0.000     20.722    8.126     0.000     9.395     14.032    0.000     0.000     0.000     0.000     0.000     -70.265   0.000     2.050     0.000     1.000     0.000     0.000     0.000     0.000     0.000     0.000     -0.703    0.000     0.000     0.000     0.000     0.000     0.000     0.000     0.000     
0.005     0.000     0.000     0.000     0.000     0.000     0.000     0.000     0.000     0.000     0.000     0.000     0.000     0.000     0.000     0.000     0.000     0.000     0.000     0.000     0.000     0.000     0.000     0.000     0.000     0.000     0.000     1.000     0.000     0.000     0.000     0.000     0.000     0.000     0.000     0.000     0.000     0.000     2.174     0.000     0.000     0.000     0.000     0.000     0.000     0.000     0.000     0.000     0.022     0.000     0.000     0.000     0.000     0.000     0.000     0.000     0.000     0.000     0.000     0.000     0.000     0.000     0.000     
6.800     0.000     0.000     0.000     0.000     0.250     0.000     0.000     0.000     0.000     0.000     0.000     0.000     0.000     0.000     0.000     0.000     0.000     0.000     0.000     0.000     0.000     0.000     0.000     0.000     0.000     0.000     0.000     0.000     0.000     0.000     0.000     58.840    0.000     0.000     0.000     0.000     0.000     0.000     100.000   0.000     0.000     0.000     0.000     0.000     0.000     0.000     0.000     0.000     1.000     0.000     0.000     0.000     0.000     0.000     0.000     0.000     0.000     0.000     0.000     0.000     0.000     0.000     
106.145   0.000     0.380     0.000     0.121     0.000     7.891     40.044    20.003    21.695    29.440    0.082     0.000     0.000     -0.002    -0.015    0.121     8.696     8.609     9.294     16.526    17.639    0.000     0.000     0.000     0.000     0.000     0.000     0.000     0.000     20.440    0.000     0.000     0.040     0.485     0.000     1.416     0.435     0.000     0.000     100.000   0.000     0.000     -0.262    0.000     0.000     0.000     0.000     0.000     0.000     1.000     0.000     0.000     0.000     -0.003    0.000     0.000     0.000     -2.149    0.000     0.000     0.000     0.000     
1.490     0.000     0.000     0.000     0.000     0.000     0.000     0.000     0.000     0.000     0.000     0.000     0.000     0.000     0.000     0.000     0.000     0.000     0.000     0.000     0.000     0.000     0.000     0.000     34.500    0.000     0.000     0.000     0.000     79.850    0.000     0.000     0.000     0.000     0.000     0.000     0.000     0.000     0.000     0.000     0.000     100.000   0.000     0.000     0.000     33.860    0.000     0.000     0.000     0.000     0.000     1.000     0.000     0.000     0.000     0.000     0.000     0.000     0.000     0.000     0.000     0.000     0.000     
218.957   0.000     0.043     0.025     0.098     0.080     0.200     0.000     8.105     -9.656    0.000     13.477    0.000     0.043     2.597     -0.755    7.029     6.803     5.377     -2.015    9.480     0.000     72.348    0.000     30.499    46.591    0.000     0.000     0.000     0.000     0.000     0.000     0.000     0.131     0.860     33.450    5.378     -1.788    -74.565   0.000     0.000     0.000     0.000     -73.260   0.000     0.000     0.000     0.000     -0.746    0.000     0.000     0.000     1.000     0.000     -0.733    0.000     0.000     0.000     0.000     0.000     0.000     0.000     0.000     
291.851   0.000     0.110     0.240     13.337    13.500    0.142     0.000     -0.014    -0.031    0.000     -0.006    0.000     8.370     9.138     7.836     7.328     0.085     0.411     0.040     0.000     0.000     0.000     0.000     0.000     0.000     0.000     0.000     0.000     0.000     0.000     0.000     0.000     0.170     0.366     7.810     0.028     -0.003    0.000     0.000     0.000     0.000     100.000   -0.233    0.000     0.000     0.000     0.000     0.000     0.000     0.000     0.000     0.000     1.000     -0.002    0.000     0.000     0.000     0.000     0.000     0.000     0.000     0.000     
4.455     0.000     0.001     0.001     0.000     0.000     0.000     0.000     0.423     0.917     0.000     0.651     1.000     0.003     0.056     0.824     0.571     0.561     0.559     0.798     0.001     0.000     0.000     0.000     0.000     0.000     0.000     0.000     0.000     0.000     0.000     0.000     0.000     0.003     0.130     0.000     0.364     0.396     0.000     0.000     0.000     0.000     0.000     6.961     0.000     0.000     0.000     0.000     0.000     0.000     0.000     0.000     0.000     0.000     0.070     0.000     0.000     0.000     0.000     0.000     0.000     0.000     0.000     
4.598     0.000     0.000     0.000     0.000     0.030     -0.006    0.000     -0.016    -0.036    0.000     0.053     0.000     0.093     -0.002    0.020     0.046     0.069     0.458     0.092     0.180     0.000     0.000     0.000     0.000     0.000     0.000     0.000     0.000     0.000     0.000     0.000     0.000     0.000     0.018     0.000     -0.014    -0.015    0.000     0.000     0.000     0.000     0.000     -0.269    0.000     0.000     100.000   0.000     0.000     0.000     0.000     0.000     0.000     0.000     -0.003    1.000     0.000     0.000     0.000     0.000     0.000     0.000     0.000     
0.001     0.000     0.000     0.000     0.000     0.000     0.000     0.000     0.000     0.000     0.000     0.000     0.000     0.000     0.000     0.000     0.000     0.000     0.000     0.000     0.000     0.000     0.000     0.000     0.000     0.000     0.000     0.000     1.000     0.000     0.000     0.000     0.000     0.000     0.000     0.000     0.000     0.000     0.000     0.000     0.000     0.000     0.000     0.000     0.000     0.000     0.000     0.000     0.000     0.000     0.000     0.000     0.000     0.000     0.000     0.000     0.017     0.000     0.000     0.000     0.000     0.000     0.000     
396.869   0.000     7.800     8.210     0.126     0.310     3.851     0.000     -0.012    -0.027    0.000     0.026     0.000     0.470     0.078     0.048     0.060     0.188     0.764     0.185     0.000     0.000     0.000     0.000     0.000     0.000     0.000     0.000     0.000     0.000     0.000     0.000     0.000     0.070     1.606     0.000     1.249     1.448     0.000     0.000     0.000     0.000     0.000     -0.204    100.000   0.000     0.000     0.000     0.000     0.000     0.000     0.000     0.000     0.000     -0.002    0.000     0.000     1.000     0.000     0.000     0.000     0.000     0.000     
0.402     0.000     0.000     0.000     0.000     0.000     0.000     0.000     0.000     0.000     0.000     0.000     0.000     0.000     0.000     0.000     0.000     0.000     0.000     0.000     0.000     0.000     0.000     1.000     0.000     0.000     0.000     0.000     0.000     0.000     0.000     0.000     0.000     0.000     0.000     0.000     0.000     0.000     0.000     0.000     0.000     0.000     0.000     0.000     0.000     0.000     0.000     0.000     0.000     0.000     0.000     0.000     0.000     0.000     0.000     0.000     0.000     0.000     0.055     0.000     0.000     0.000     0.000     
0.857     0.000     0.000     0.000     0.000     0.000     0.000     0.000     0.000     0.000     23.550    0.000     0.000     0.000     0.000     0.000     0.000     0.000     0.000     0.000     0.000     0.000     0.000     0.000     35.000    53.400    0.000     0.000     0.000     20.150    0.000     0.000     13.740    0.000     0.000     12.810    0.000     0.000     -42.826   0.000     0.000     0.000     0.000     0.000     0.000     0.000     0.000     0.000     -0.428    0.000     0.000     0.000     0.000     0.000     0.000     0.000     -0.669    0.000     0.000     1.000     0.000     0.000     0.000     
29.881    0.000     0.000     0.000     0.000     0.030     0.002     0.000     -0.011    -0.024    0.000     -0.001    0.000     0.000     0.098     0.987     0.905     0.042     0.515     0.055     0.000     0.000     0.000     0.000     0.000     0.000     0.000     0.000     0.000     0.000     24.466    59.965    0.000     0.050     0.037     0.000     1.500     0.229     0.000     0.000     0.000     0.000     0.000     -0.186    0.000     0.000     0.000     0.000     0.000     0.000     0.000     0.000     0.000     0.000     -0.002    0.000     0.000     0.000     0.000     0.000     1.000     0.000     0.000     
0.001     0.000     0.000     0.000     0.000     0.000     0.000     0.000     0.000     0.000     0.000     0.000     0.000     0.000     0.000     0.000     0.000     0.000     0.000     0.000     0.000     0.000     0.000     0.000     0.000     0.000     1.000     0.000     0.000     0.000     0.000     0.000     0.000     0.000     0.000     0.000     0.000     0.000     0.000     0.000     0.000     0.000     0.000     0.000     0.000     0.000     0.000     0.000     0.000     0.000     0.000     0.000     0.000     0.000     0.000     0.000     0.000     0.000     0.000     0.000     0.000     0.011     0.000     
7634.198  100.000   81.195    81.000    76.500    75.950    72.555    59.960    33.949    5.591     47.010    18.147    0.000     71.214    66.563    10.279    25.760    32.082    30.190    19.718    61.162    64.550    27.650    0.000     0.000     0.010     0.000     0.000     0.000     0.000     55.090    40.040    27.420    78.539    75.488    45.930    44.640    46.054    0.000     0.000     0.000     0.000     0.000     -451.432  0.000     64.090    0.000     0.000     0.000     0.000     0.000     0.000     0.000     0.000     -4.514    0.000     0.000     0.000     -2.353    0.000     0.000     -0.134    1.000     
48.633    -7.000    -4.993    -4.986    -7.000    -7.000    -3.001    -0.300    -1.173    6.175     -0.700    -3.488    0.000     -7.065    -4.436    -0.762    -3.785    -2.386    -1.910    1.976     -3.986    -3.000    -7.000    0.000     -8.000    -5.000    0.000     0.000     0.000     -6.000    -2.000    1.000     1.000     -7.172    -5.898    -5.000    -3.859    -2.039    121.739   100.000   100.000   100.000   100.000   169.612   100.000   0.000     100.000   0.000     0.217     0.000     0.000     0.000     0.000     0.000     0.696     0.000     0.167     0.000     0.550     0.000     0.000     0.113     0.000     

Tableau 6:
822.030   0.000     10.403    10.386    9.817     9.850     15.374    0.000     -4.267    -9.261    0.000     3.102     0.000     19.465    15.891    -0.776    1.602     -4.104    -2.222    -7.121    12.516    17.814    0.000     0.000     0.000     0.000     0.000     0.000     0.000     0.000     0.000     0.000     0.000     20.722    8.126     0.000     9.395     14.032    0.000     0.000     0.000     0.000     0.000     -70.265   0.000     2.050     0.000     1.000     0.000     0.000     0.000     0.000     0.000     0.000     -0.703    0.000     0.000     0.000     0.000     0.000     0.000     0.000     0.000     
0.005     0.000     0.000     0.000     0.000     0.000     0.000     0.000     0.000     0.000     0.000     0.000     0.000     0.000     0.000     0.000     0.000     0.000     0.000     0.000     0.000     0.000     0.000     0.000     0.000     0.000     0.000     1.000     0.000     0.000     0.000     0.000     0.000     0.000     0.000     0.000     0.000     0.000     2.174     0.000     0.000     0.000     0.000     0.000     0.000     0.000     0.000     0.000     0.022     0.000     0.000     0.000     0.000     0.000     0.000     0.000     0.000     0.000     0.000     0.000     0.000     0.000     0.000     
6.800     0.000     0.000     0.000     0.000     0.250     0.000     0.000     0.000     0.000     0.000     0.000     0.000     0.000     0.000     0.000     0.000     0.000     0.000     0.000     0.000     0.000     0.000     0.000     0.000     0.000     0.000     0.000     0.000     0.000     0.000     0.000     58.840    0.000     0.000     0.000     0.000     0.000     0.000     100.000   0.000     0.000     0.000     0.000     0.000     0.000     0.000     0.000     0.000     1.000     0.000     0.000     0.000     0.000     0.000     0.000     0.000     0.000     0.000     0.000     0.000     0.000     0.000     
106.145   0.000     0.380     0.000     0.121     0.000     7.891     40.044    20.003    21.695    29.440    0.082     0.000     0.000     -0.002    -0.015    0.121     8.696     8.609     9.294     16.526    17.639    0.000     0.000     0.000     0.000     0.000     0.000     0.000     0.000     20.440    0.000     0.000     0.040     0.485     0.000     1.416     0.435     0.000     0.000     100.000   0.000     0.000     -0.262    0.000     0.000     0.000     0.000     0.000     0.000     1.000     0.000     0.000     0.000     -0.003    0.000     0.000     0.000     -2.149    0.000     0.000     0.000     0.000     
0.646     0.000     0.000     0.000     0.000     0.000     0.000     0.000     0.000     0.000     -23.214   0.000     0.000     0.000     0.000     0.000     0.000     0.000     0.000     0.000     0.000     0.000     0.000     0.000     0.000     -52.637   0.000     0.000     0.000     59.988    0.000     0.000     -13.544   0.000     0.000     -12.627   0.000     0.000     42.214    0.000     0.000     100.000   0.000     0.000     0.000     33.860    0.000     0.000     0.422     0.000     0.000     1.000     0.000     0.000     0.000     0.000     0.660     0.000     0.000     -0.986    0.000     0.000     0.000     
218.211   0.000     0.043     0.025     0.098     0.080     0.200     0.000     8.105     -9.656    -20.521   13.477    0.000     0.043     2.597     -0.755    7.029     6.803     5.377     -2.015    9.480     0.000     72.348    0.000     0.000     0.058     0.000     0.000     0.000     -17.559   0.000     0.000     -11.973   0.131     0.860     22.287    5.378     -1.788    -37.247   0.000     0.000     0.000     0.000     -73.260   0.000     0.000     0.000     0.000     -0.372    0.000     0.000     0.000     1.000     0.000     -0.733    0.000     0.583     0.000     0.000     -0.871    0.000     0.000     0.000     
291.851   0.000     0.110     0.240     13.337    13.500    0.142     0.000     -0.014    -0.031    0.000     -0.006    0.000     8.370     9.138     7.836     7.328     0.085     0.411     0.040     0.000     0.000     0.000     0.000     0.000     0.000     0.000     0.000     0.000     0.000     0.000     0.000     0.000     0.170     0.366     7.810     0.028     -0.003    0.000     0.000     0.000     0.000     100.000   -0.233    0.000     0.000     0.000     0.000     0.000     0.000     0.000     0.000     0.000     1.000     -0.002    0.000     0.000     0.000     0.000     0.000     0.000     0.000     0.000     
4.455     0.000     0.001     0.001     0.000     0.000     0.000     0.000     0.423     0.917     0.000     0.651     1.000     0.003     0.056     0.824     0.571     0.561     0.559     0.798     0.001     0.000     0.000     0.000     0.000     0.000     0.000     0.000     0.000     0.000     0.000     0.000     0.000     0.003     0.130     0.000     0.364     0.396     0.000     0.000     0.000     0.000     0.000     6.961     0.000     0.000     0.000     0.000     0.000     0.000     0.000     0.000     0.000     0.000     0.070     0.000     0.000     0.000     0.000     0.000     0.000     0.000     0.000     
4.598     0.000     0.000     0.000     0.000     0.030     -0.006    0.000     -0.016    -0.036    0.000     0.053     0.000     0.093     -0.002    0.020     0.046     0.069     0.458     0.092     0.180     0.000     0.000     0.000     0.000     0.000     0.000     0.000     0.000     0.000     0.000     0.000     0.000     0.000     0.018     0.000     -0.014    -0.015    0.000     0.000     0.000     0.000     0.000     -0.269    0.000     0.000     100.000   0.000     0.000     0.000     0.000     0.000     0.000     0.000     -0.003    1.000     0.000     0.000     0.000     0.000     0.000     0.000     0.000     
0.001     0.000     0.000     0.000     0.000     0.000     0.000     0.000     0.000     0.000     0.000     0.000     0.000     0.000     0.000     0.000     0.000     0.000     0.000     0.000     0.000     0.000     0.000     0.000     0.000     0.000     0.000     0.000     1.000     0.000     0.000     0.000     0.000     0.000     0.000     0.000     0.000     0.000     0.000     0.000     0.000     0.000     0.000     0.000     0.000     0.000     0.000     0.000     0.000     0.000     0.000     0.000     0.000     0.000     0.000     0.000     0.017     0.000     0.000     0.000     0.000     0.000     0.000     
396.869   0.000     7.800     8.210     0.126     0.310     3.851     0.000     -0.012    -0.027    0.000     0.026     0.000     0.470     0.078     0.048     0.060     0.188     0.764     0.185     0.000     0.000     0.000     0.000     0.000     0.000     0.000     0.000     0.000     0.000     0.000     0.000     0.000     0.070     1.606     0.000     1.249     1.448     0.000     0.000     0.000     0.000     0.000     -0.204    100.000   0.000     0.000     0.000     0.000     0.000     0.000     0.000     0.000     0.000     -0.002    0.000     0.000     1.000     0.000     0.000     0.000     0.000     0.000     
0.402     0.000     0.000     0.000     0.000     0.000     0.000     0.000     0.000     0.000     0.000     0.000     0.000     0.000     0.000     0.000     0.000     0.000     0.000     0.000     0.000     0.000     0.000     1.000     0.000     0.000     0.000     0.000     0.000     0.000     0.000     0.000     0.000     0.000     0.000     0.000     0.000     0.000     0.000     0.000     0.000     0.000     0.000     0.000     0.000     0.000     0.000     0.000     0.000     0.000     0.000     0.000     0.000     0.000     0.000     0.000     0.000     0.000     0.055     0.000     0.000     0.000     0.000     
0.024     0.000     0.000     0.000     0.000     0.000     0.000     0.000     0.000     0.000     0.673     0.000     0.000     0.000     0.000     0.000     0.000     0.000     0.000     0.000     0.000     0.000     0.000     0.000     1.000     1.526     0.000     0.000     0.000     0.576     0.000     0.000     0.393     0.000     0.000     0.366     0.000     0.000     -1.224    0.000     0.000     0.000     0.000     0.000     0.000     0.000     0.000     0.000     -0.012    0.000     0.000     0.000     0.000     0.000     0.000     0.000     -0.019    0.000     0.000     0.029     0.000     0.000     0.000     
29.881    0.000     0.000     0.000     0.000     0.030     0.002     0.000     -0.011    -0.024    0.000     -0.001    0.000     0.000     0.098     0.987     0.905     0.042     0.515     0.055     0.000     0.000     0.000     0.000     0.000     0.000     0.000     0.000     0.000     0.000     24.466    59.965    0.000     0.050     0.037     0.000     1.500     0.229     0.000     0.000     0.000     0.000     0.000     -0.186    0.000     0.000     0.000     0.000     0.000     0.000     0.000     0.000     0.000     0.000     -0.002    0.000     0.000     0.000     0.000     0.000     1.000     0.000     0.000     
0.001     0.000     0.000     0.000     0.000     0.000     0.000     0.000     0.000     0.000     0.000     0.000     0.000     0.000     0.000     0.000     0.000     0.000     0.000     0.000     0.000     0.000     0.000     0.000     0.000     0.000     1.000     0.000     0.000     0.000     0.000     0.000     0.000     0.000     0.000     0.000     0.000     0.000     0.000     0.000     0.000     0.000     0.000     0.000     0.000     0.000     0.000     0.000     0.000     0.000     0.000     0.000     0.000     0.000     0.000     0.000     0.000     0.000     0.000     0.000     0.000     0.011     0.000     
7634.198  100.000   81.195    81.000    76.500    75.950    72.555    59.960    33.949    5.591     47.010    18.147    0.000     71.214    66.563    10.279    25.760    32.082    30.190    19.718    61.162    64.550    27.650    0.000     0.000     0.010     0.000     0.000     0.000     0.000     55.090    40.040    27.420    78.539    75.488    45.930    44.640    46.054    0.000     0.000     0.000     0.000     0.000     -451.432  0.000     64.090    0.000     0.000     0.000     0.000     0.000     0.000     0.000     0.000     -4.514    0.000     0.000     0.000     -2.353    0.000     0.000     -0.134    1.000     
48.829    -7.000    -4.993    -4.986    -7.000    -7.000    -3.001    -0.300    -1.173    6.175     4.683     -3.488    0.000     -7.065    -4.436    -0.762    -3.785    -2.386    -1.910    1.976     -3.986    -3.000    -7.000    0.000     0.000     7.206     0.000     0.000     0.000     -1.394    -2.000    1.000     4.141     -7.172    -5.898    -2.072    -3.859    -2.039    111.950   100.000   100.000   100.000   100.000   169.612   100.000   0.000     100.000   0.000     0.120     0.000     0.000     0.000     0.000     0.000     0.696     0.000     0.014     0.000     0.550     0.229     0.000     0.113     0.000     

Tableau 7:
39.670    0.000     0.502     0.501     0.474     0.475     0.742     0.000     -0.206    -0.447    0.000     0.150     0.000     0.939     0.767     -0.037    0.077     -0.198    -0.107    -0.344    0.604     0.860     0.000     0.000     0.000     0.000     0.000     0.000     0.000     0.000     0.000     0.000     0.000     1.000     0.392     0.000     0.453     0.677     0.000     0.000     0.000     0.000     0.000     -3.391    0.000     0.099     0.000     0.048     0.000     0.000     0.000     0.000     0.000     0.000     -0.034    0.000     0.000     0.000     0.000     0.000     0.000     0.000     0.000     
0.005     0.000     0.000     0.000     0.000     0.000     0.000     0.000     0.000     0.000     0.000     0.000     0.000     0.000     0.000     0.000     0.000     0.000     0.000     0.000     0.000     0.000     0.000     0.000     0.000     0.000     0.000     1.000     0.000     0.000     0.000     0.000     0.000     0.000     0.000     0.000     0.000     0.000     2.174     0.000     0.000     0.000     0.000     0.000     0.000     0.000     0.000     0.000     0.022     0.000     0.000     0.000     0.000     0.000     0.000     0.000     0.000     0.000     0.000     0.000     0.000     0.000     0.000     
6.800     0.000     0.000     0.000     0.000     0.250     0.000     0.000     0.000     0.000     0.000     0.000     0.000     0.000     0.000     0.000     0.000     0.000     0.000     0.000     0.000     0.000     0.000     0.000     0.000     0.000     0.000     0.000     0.000     0.000     0.000     0.000     58.840    0.000     0.000     0.000     0.000     0.000     0.000     100.000   0.000     0.000     0.000     0.000     0.000     0.000     0.000     0.000     0.000     1.000     0.000     0.000     0.000     0.000     0.000     0.000     0.000     0.000     0.000     0.000     0.000     0.000     0.000     
104.562   0.000     0.360     -0.020    0.103     -0.019    7.861     40.044    20.011    21.713    29.440    0.076     0.000     -0.038    -0.033    -0.014    0.118     8.704     8.613     9.308     16.502    17.604    0.000     0.000     0.000     0.000     0.000     0.000     0.000     0.000     20.440    0.000     0.000     0.000     0.469     0.000     1.398     0.408     0.000     0.000     100.000   0.000     0.000     -0.127    0.000     -0.004    0.000     -0.002    0.000     0.000     1.000     0.000     0.000     0.000     -0.001    0.000     0.000     0.000     -2.149    0.000     0.000     0.000     0.000     
0.646     0.000     0.000     0.000     0.000     0.000     0.000     0.000     0.000     0.000     -23.214   0.000     0.000     0.000     0.000     0.000     0.000     0.000     0.000     0.000     0.000     0.000     0.000     0.000     0.000     -52.637   0.000     0.000     0.000     59.988    0.000     0.000     -13.544   0.000     0.000     -12.627   0.000     0.000     42.214    0.000     0.000     100.000   0.000     0.000     0.000     33.860    0.000     0.000     0.422     0.000     0.000     1.000     0.000     0.000     0.000     0.000     0.660     0.000     0.000     -0.986    0.000     0.000     0.000     
213.026   0.000     -0.023    -0.040    0.036     0.018     0.103     0.000     8.132     -9.597    -20.521   13.457    0.000     -0.079    2.496     -0.750    7.018     6.829     5.391     -1.970    9.401     -0.112    72.348    0.000     0.000     0.058     0.000     0.000     0.000     -17.559   0.000     0.000     -11.973   0.000     0.809     22.287    5.319     -1.877    -37.247   0.000     0.000     0.000     0.000     -72.817   0.000     -0.013    0.000     -0.006    -0.372    0.000     0.000     0.000     1.000     0.000     -0.728    0.000     0.583     0.000     0.000     -0.871    0.000     0.000     0.000     
285.111   0.000     0.025     0.155     13.257    13.419    0.016     0.000     0.021     0.045     0.000     -0.031    0.000     8.210     9.008     7.842     7.315     0.119     0.429     0.098     -0.103    -0.146    0.000     0.000     0.000     0.000     0.000     0.000     0.000     0.000     0.000     0.000     0.000     0.000     0.299     7.810     -0.049    -0.118    0.000     0.000     0.000     0.000     100.000   0.343     0.000     -0.017    0.000     -0.008    0.000     0.000     0.000     0.000     0.000     1.000     0.003     0.000     0.000     0.000     0.000     0.000     0.000     0.000     0.000     
4.345     0.000     -0.001    0.000     -0.001    -0.001    -0.002    0.000     0.423     0.919     0.000     0.651     1.000     0.001     0.054     0.824     0.571     0.562     0.559     0.799     0.000     -0.002    0.000     0.000     0.000     0.000     0.000     0.000     0.000     0.000     0.000     0.000     0.000     0.000     0.129     0.000     0.363     0.394     0.000     0.000     0.000     0.000     0.000     6.971     0.000     0.000     0.000     0.000     0.000     0.000     0.000     0.000     0.000     0.000     0.070     0.000     0.000     0.000     0.000     0.000     0.000     0.000     0.000     
4.602     0.000     0.000     0.000     0.000     0.030     -0.006    0.000     -0.016    -0.036    0.000     0.054     0.000     0.093     -0.002    0.020     0.046     0.069     0.458     0.092     0.180     0.000     0.000     0.000     0.000     0.000     0.000     0.000     0.000     0.000     0.000     0.000     0.000     0.000     0.018     0.000     -0.014    -0.015    0.000     0.000     0.000     0.000     0.000     -0.270    0.000     0.000     100.000   0.000     0.000     0.000     0.000     0.000     0.000     0.000     -0.003    1.000     0.000     0.000     0.000     0.000     0.000     0.000     0.000     
0.001     0.000     0.000     0.000     0.000     0.000     0.000     0.000     0.000     0.000     0.000     0.000     0.000     0.000     0.000     0.000     0.000     0.000     0.000     0.000     0.000     0.000     0.000     0.000     0.000     0.000     0.000     0.000     1.000     0.000     0.000     0.000     0.000     0.000     0.000     0.000     0.000     0.000     0.000     0.000     0.000     0.000     0.000     0.000     0.000     0.000     0.000     0.000     0.000     0.000     0.000     0.000     0.000     0.000     0.000     0.000     0.017     0.000     0.000     0.000     0.000     0.000     0.000     
394.096   0.000     7.765     8.175     0.093     0.277     3.799     0.000     0.002     0.004     0.000     0.016     0.000     0.404     0.025     0.050     0.055     0.201     0.771     0.209     -0.042    -0.060    0.000     0.000     0.000     0.000     0.000     0.000     0.000     0.000     0.000     0.000     0.000     0.000     1.579     0.000     1.218     1.401     0.000     0.000     0.000     0.000     0.000     0.033     100.000   -0.007    0.000     -0.003    0.000     0.000     0.000     0.000     0.000     0.000     0.000     0.000     0.000     1.000     0.000     0.000     0.000     0.000     0.000     
0.402     0.000     0.000     0.000     0.000     0.000     0.000     0.000     0.000     0.000     0.000     0.000     0.000     0.000     0.000     0.000     0.000     0.000     0.000     0.000     0.000     0.000     0.000     1.000     0.000     0.000     0.000     0.000     0.000     0.000     0.000     0.000     0.000     0.000     0.000     0.000     0.000     0.000     0.000     0.000     0.000     0.000     0.000     0.000     0.000     0.000     0.000     0.000     0.000     0.000     0.000     0.000     0.000     0.000     0.000     0.000     0.000     0.000     0.055     0.000     0.000     0.000     0.000     
0.024     0.000     0.000     0.000     0.000     0.000     0.000     0.000     0.000     0.000     0.673     0.000     0.000     0.000     0.000     0.000     0.000     0.000     0.000     0.000     0.000     0.000     0.000     0.000     1.000     1.526     0.000     0.000     0.000     0.576     0.000     0.000     0.393     0.000     0.000     0.366     0.000     0.000     -1.224    0.000     0.000     0.000     0.000     0.000     0.000     0.000     0.000     0.000     -0.012    0.000     0.000     0.000     0.000     0.000     0.000     0.000     -0.019    0.000     0.000     0.029     0.000     0.000     0.000     
27.901    0.000     -0.025    -0.025    -0.024    0.006     -0.035    0.000     -0.001    -0.002    0.000     -0.009    0.000     -0.047    0.060     0.989     0.901     0.052     0.520     0.073     -0.030    -0.043    0.000     0.000     0.000     0.000     0.000     0.000     0.000     0.000     24.466    59.965    0.000     0.000     0.017     0.000     1.478     0.196     0.000     0.000     0.000     0.000     0.000     -0.017    0.000     -0.005    0.000     -0.002    0.000     0.000     0.000     0.000     0.000     0.000     0.000     0.000     0.000     0.000     0.000     0.000     1.000     0.000     0.000     
0.001     0.000     0.000     0.000     0.000     0.000     0.000     0.000     0.000     0.000     0.000     0.000     0.000     0.000     0.000     0.000     0.000     0.000     0.000     0.000     0.000     0.000     0.000     0.000     0.000     0.000     1.000     0.000     0.000     0.000     0.000     0.000     0.000     0.000     0.000     0.000     0.000     0.000     0.000     0.000     0.000     0.000     0.000     0.000     0.000     0.000     0.000     0.000     0.000     0.000     0.000     0.000     0.000     0.000     0.000     0.000     0.000     0.000     0.000     0.000     0.000     0.011     0.000     
4518.567  100.000   41.766    41.635    39.291    38.617    14.285    59.960    50.120    40.692    47.010    6.390     0.000     -2.561    6.334     13.220    19.689    47.635    38.613    46.708    13.726    -2.967    27.650    0.000     0.000     0.010     0.000     0.000     0.000     0.000     55.090    40.040    27.420    0.000     44.689    45.930    9.031     -7.130    0.000     0.000     0.000     0.000     0.000     -185.115  0.000     56.320    0.000     -3.790    0.000     0.000     0.000     0.000     0.000     0.000     -1.851    0.000     0.000     0.000     -2.353    0.000     0.000     -0.134    1.000     
333.345   -7.000    -1.392    -1.391    -3.602    -3.591    2.320     -0.300    -2.650    2.969     4.683     -2.414    0.000     -0.328    1.064     -1.031    -3.231    -3.806    -2.679    -0.489    0.345     3.166     -7.000    0.000     0.000     7.206     0.000     0.000     0.000     -1.394    -2.000    1.000     4.141     0.000     -3.086    -2.072    -0.608    2.818     111.950   100.000   100.000   100.000   100.000   145.292   100.000   0.710     100.000   0.346     0.120     0.000     0.000     0.000     0.000     0.000     0.453     0.000     0.014     0.000     0.550     0.229     0.000     0.113     0.000     
Solution Vector:
          0.000     0.000     0.000     0.000     0.000     0.000     0.000     0.000     0.000     0.000     0.000     4.345     0.000     0.000     0.000     0.000     0.000     0.000     0.000     0.000     0.000     0.000     0.402     0.024     0.000     0.001     0.005     0.001     0.000     0.000     0.000     0.000     39.670    0.000     0.000     0.000     0.000     0.000     0.000     0.000     0.000     0.000     0.000     0.000     0.000     0.000     0.000     0.000     0.000     0.000     0.000     0.000     0.000     0.000     0.000     0.000     0.000     0.000     0.000     0.000     0.000     0.000     
Costs:   333.3454  
Solution:   OPT_DEG_CORNER
