
ID: AX02356

cn: 793, 0.07, 2.7, 33, 5.15, 151, 184, 20, 5.99, 0.09, 439, 7.2, 2, 22, 0.06, 8334.74, 
c: -7, -5, -5, -7, -7, -3, -0.3, -5.7, -3, -1.3, -10, -10, -7, -4, -9, -9, -8, -7.5, -6, -4, -3, -7, -10, -8, -5, -10, -10, -10, -6, -2, 1, 1, -7.1, -7.2, -5, -7.5, -6, 0, 100, 100, 100, 100, 100, 100, 100, 100, 


LP problem is primal infeasible(dual unbounded)

target function value: 0
Values: {0.00,0.00,0.00,0.00,0.00,0.00,0.00,0.00,0.00,0.00,0.00,0.00,0.00,0.00,0.00,0.00,0.00,0.00,0.00,0.00,0.00,0.00,0.00,0.00,0.00,0.00,0.00,0.00,0.00,0.00,0.00,0.00,0.00,0.00,0.00,0.00,0.00,0.00,0.00,0.00,0.00,0.00,0.00,0.00,0.00,0.00}
dual variables: 0, 0, 0, 0, 0, 0, 0, 0, 0, 0, 0, 0, 0, 0, 0, 0, 
primal feasibility error: 0
iteration count: 14
array[N+M], statuses of box (N) and linear (M) constraints: stats: 0, 0, 0, 0, 0, 0, 0, 0, 0, 0, 0, 0, 0, 0, 0, 0, 0, 0, 0, 0, 0, 0, 0, 0, 0, 0, 0, 0, 0, 0, 0, 0, 0, 0, 0, 0, 0, 0, 0, 0, 0, 0, 0, 0, 0, 0, 0, 0, 0, 0, 0, 0, 0, 0, 0, 0, 0, 0, 0, 0, 0, 0, 

---------------------------------


ID: AX02364

cn: 733, 0.05, 1.1, 30, 3.92, 148, 89, 13, 5.57, 0.04, 530, 6, 1, 18, 0.075, 8421.245, 
c: -7, -5, -5, -7, -7, -3, -0.3, -5.7, -3, -1.3, -10, -10, -7, -4, -9, -9, -8, -7.5, -6, -4, -3, -7, -10, -8, -5, -10, -10, -10, -6, -2, 1, 1, -7.1, -7.2, -5, -7.5, -6, 0, 100, 100, 100, 100, 100, 100, 100, 100, 


LP problem is primal infeasible(dual unbounded)

target function value: 0
Values: {0.00,0.00,0.00,0.00,0.00,0.00,0.00,0.00,0.00,0.00,0.00,0.00,0.00,0.00,0.00,0.00,0.00,0.00,0.00,0.00,0.00,0.00,0.00,0.00,0.00,0.00,0.00,0.00,0.00,0.00,0.00,0.00,0.00,0.00,0.00,0.00,0.00,0.00,0.00,0.00,0.00,0.00,0.00,0.00,0.00,0.00}
dual variables: 0, 0, 0, 0, 0, 0, 0, 0, 0, 0, 0, 0, 0, 0, 0, 0, 
primal feasibility error: 0
iteration count: 13
array[N+M], statuses of box (N) and linear (M) constraints: stats: 0, 0, 0, 0, 0, 0, 0, 0, 0, 0, 0, 0, 0, 0, 0, 0, 0, 0, 0, 0, 0, 0, 0, 0, 0, 0, 0, 0, 0, 0, 0, 0, 0, 0, 0, 0, 0, 0, 0, 0, 0, 0, 0, 0, 0, 0, 0, 0, 0, 0, 0, 0, 0, 0, 0, 0, 0, 0, 0, 0, 0, 0, 

---------------------------------


ID: AX02365

cn: 739, 0.06, 1.4, 31, 4.79, 214, 93, 20, 5.3, 0.1, 496, 5.6, 1, 19, 0.057, 8369.693, 
c: -7, -5, -5, -7, -7, -3, -0.3, -5.7, -3, -1.3, -10, -10, -7, -4, -9, -9, -8, -7.5, -6, -4, -3, -7, -10, -8, -5, -10, -10, -10, -6, -2, 1, 1, -7.1, -7.2, -5, -7.5, -6, 0, 100, 100, 100, 100, 100, 100, 100, 100, 


LP problem is primal infeasible(dual unbounded)

target function value: 0
Values: {0.00,0.00,0.00,0.00,0.00,0.00,0.00,0.00,0.00,0.00,0.00,0.00,0.00,0.00,0.00,0.00,0.00,0.00,0.00,0.00,0.00,0.00,0.00,0.00,0.00,0.00,0.00,0.00,0.00,0.00,0.00,0.00,0.00,0.00,0.00,0.00,0.00,0.00,0.00,0.00,0.00,0.00,0.00,0.00,0.00,0.00}
dual variables: 0, 0, 0, 0, 0, 0, 0, 0, 0, 0, 0, 0, 0, 0, 0, 0, 
primal feasibility error: 0
iteration count: 14
array[N+M], statuses of box (N) and linear (M) constraints: stats: 0, 0, 0, 0, 0, 0, 0, 0, 0, 0, 0, 0, 0, 0, 0, 0, 0, 0, 0, 0, 0, 0, 0, 0, 0, 0, 0, 0, 0, 0, 0, 0, 0, 0, 0, 0, 0, 0, 0, 0, 0, 0, 0, 0, 0, 0, 0, 0, 0, 0, 0, 0, 0, 0, 0, 0, 0, 0, 0, 0, 0, 0, 

---------------------------------

