
ID: Quartz (Qz)

cn: 0, 0, 0, 0, 10000, 
c: -7, -5, -5, -7, -7, -3, -0.3, -5.7, -3, -1.3, -10, -10, -7, -4, -9, -9, -8, -7.5, -6, -4, -3, -7, -10, -8, -5, -10, -10, -10, -6, -2, 1, 1, -7.1, -7.2, -5, -7.5, -6, 0, 


successful completion 1

target function value: -1000.07671924101
Values: {0.00,0.00,0.00,0.00,0.00,0.00,0.00,0.00,0.00,0.00,0.00,0.00,0.00,0.00,0.00,0.00,0.00,0.00,0.00,0.00,0.00,0.00,0.00,0.00,0.00,0.00,100.00,0.00,0.00,0.00,0.00,0.00,0.00,0.00,0.00,0.00,0.00,0.00}
dual variables: 0, -5.58783724060684, -24.142642866541, 0, -0.1, 
primal feasibility error: 0
iteration count: 3
array[N+M], statuses of box (N) and linear (M) constraints: stats: -1, -1, -1, -1, -1, -1, -1, -1, -1, -1, 0, 0, -1, -1, -1, -1, -1, -1, -1, -1, -1, -1, -1, -1, -1, -1, 0, -1, -1, -1, -1, -1, -1, -1, -1, -1, -1, -1, 0, -1, -1, 0, -1, 

---------------------------------


ID: K-feldspar (Kf)

cn: 969, 0, 1405, 0, 7626, 
c: -7, -5, -5, -7, -7, -3, -0.3, -5.7, -3, -1.3, -10, -10, -7, -4, -9, -9, -8, -7.5, -6, -4, -3, -7, -10, -8, -5, -10, -10, -10, -6, -2, 1, 1, -7.1, -7.2, -5, -7.5, -6, 0, 


LP problem is primal infeasible(dual unbounded)

target function value: 0
Values: {0.00,0.00,0.00,0.00,0.00,0.00,0.00,0.00,0.00,0.00,0.00,0.00,0.00,0.00,0.00,0.00,0.00,0.00,0.00,0.00,0.00,0.00,0.00,0.00,0.00,0.00,0.00,0.00,0.00,0.00,0.00,0.00,0.00,0.00,0.00,0.00,0.00,0.00}
dual variables: 0, 0, 0, 0, 0, 
primal feasibility error: 0
iteration count: 7
array[N+M], statuses of box (N) and linear (M) constraints: stats: 0, 0, 0, 0, 0, 0, 0, 0, 0, 0, 0, 0, 0, 0, 0, 0, 0, 0, 0, 0, 0, 0, 0, 0, 0, 0, 0, 0, 0, 0, 0, 0, 0, 0, 0, 0, 0, 0, 0, 0, 0, 0, 0, 

---------------------------------

