int[] variablesSimplex = new int[] { -1, -1, -1, -1, -1, -1, -1, -1, -1, -1, -1, -1, -1, -1, -1, -1, -1, -1, -1, -1, -1, -1, -1, -1, -1, -1, -1, -1, -1, -1, -1, -1, -1, -1, -1, -1, -1, -1, -1, -1, -1, -1, -1, -1, -1, -1, 1, 1, 1, 1, 1, 1, 1, 1, 1, 1, 1, 1, 1, 1, 1, 1 };

Tableau 0:
867.000   0.000     10.410    10.400    9.817     9.850     15.373    0.000     0.000     0.000     0.000     9.675     10.094    19.500    16.460    7.539     7.370     1.563     3.420     0.930     12.529    17.814    0.000     0.000     0.000     0.000     0.000     0.000     0.000     0.000     0.000     0.000     0.000     20.750    9.440     0.000     13.070    18.030    0.000     0.000     0.000     0.000     0.000     0.000     0.000     2.050     0.000     1.000     0.000     0.000     0.000     0.000     0.000     0.000     0.000     0.000     0.000     0.000     0.000     0.000     0.000     0.000     0.000     
0.210     0.000     0.000     0.000     0.000     0.000     0.000     0.000     0.000     0.000     0.000     0.000     0.000     0.000     0.000     0.000     0.000     0.000     0.000     0.000     0.000     0.000     0.000     0.000     0.000     0.000     0.000     46.000    0.000     0.000     0.000     0.000     0.000     0.000     0.000     0.000     0.000     0.000     100.000   0.000     0.000     0.000     0.000     0.000     0.000     0.000     0.000     0.000     1.000     0.000     0.000     0.000     0.000     0.000     0.000     0.000     0.000     0.000     0.000     0.000     0.000     0.000     0.000     
6.800     0.000     0.000     0.000     0.000     0.250     0.000     0.000     0.000     0.000     0.000     0.000     0.000     0.000     0.000     0.000     0.000     0.000     0.000     0.000     0.000     0.000     0.000     0.000     0.000     0.000     0.000     0.000     0.000     0.000     0.000     0.000     58.840    0.000     0.000     0.000     0.000     0.000     0.000     100.000   0.000     0.000     0.000     0.000     0.000     0.000     0.000     0.000     0.000     1.000     0.000     0.000     0.000     0.000     0.000     0.000     0.000     0.000     0.000     0.000     0.000     0.000     0.000     
122.000   0.000     0.380     0.000     0.121     0.000     7.891     40.044    20.019    21.730    29.440    0.107     0.038     0.000     0.000     0.016     0.143     8.717     8.630     9.324     16.526    17.639    0.000     39.058    0.000     0.000     0.000     0.000     0.000     0.000     20.440    0.000     0.000     0.040     0.490     0.000     1.430     0.450     0.000     0.000     100.000   0.000     0.000     0.000     0.000     0.000     0.000     0.000     0.000     0.000     1.000     0.000     0.000     0.000     0.000     0.000     0.000     0.000     0.000     0.000     0.000     0.000     0.000     
1.490     0.000     0.000     0.000     0.000     0.000     0.000     0.000     0.000     0.000     0.000     0.000     0.000     0.000     0.000     0.000     0.000     0.000     0.000     0.000     0.000     0.000     0.000     0.000     34.500    0.000     0.000     0.000     0.000     79.850    0.000     0.000     0.000     0.000     0.000     0.000     0.000     0.000     0.000     0.000     0.000     100.000   0.000     0.000     0.000     33.860    0.000     0.000     0.000     0.000     0.000     1.000     0.000     0.000     0.000     0.000     0.000     0.000     0.000     0.000     0.000     0.000     0.000     
266.000   0.000     0.050     0.040     0.098     0.080     0.199     0.000     12.553    0.000     0.000     20.331    10.524    0.080     3.190     7.914     13.043    12.712    11.260    6.378     9.494     0.000     72.348    0.000     30.499    46.591    0.000     34.300    0.000     0.000     0.000     0.000     0.000     0.160     2.230     33.450    9.210     2.380     0.000     0.000     0.000     0.000     0.000     0.000     0.000     0.000     0.000     0.000     0.000     0.000     0.000     0.000     1.000     0.000     0.000     0.000     0.000     0.000     0.000     0.000     0.000     0.000     0.000     
292.000   0.000     0.110     0.240     13.337    13.500    0.142     0.000     0.000     0.000     0.000     0.016     0.034     8.370     9.140     7.863     7.347     0.104     0.430     0.067     0.000     0.000     0.000     0.000     0.000     0.000     0.000     0.000     0.000     0.000     0.000     0.000     0.000     0.170     0.370     7.810     0.040     0.010     0.000     0.000     0.000     0.000     100.000   0.000     0.000     0.000     0.000     0.000     0.000     0.000     0.000     0.000     0.000     1.000     0.000     0.000     0.000     0.000     0.000     0.000     0.000     0.000     0.000     
64.000    0.000     0.010     0.020     0.000     0.000     -0.001    0.000     6.072     13.180    0.000     9.355     14.365    0.050     0.810     11.834    8.209     8.065     8.030     11.457    0.019     0.000     0.000     0.000     0.000     0.000     0.000     0.000     0.000     0.000     0.000     0.000     0.000     0.040     1.870     0.000     5.230     5.690     0.000     0.000     0.000     0.000     0.000     100.000   0.000     0.000     0.000     0.000     0.000     0.000     0.000     0.000     0.000     0.000     1.000     0.000     0.000     0.000     0.000     0.000     0.000     0.000     0.000     
4.770     0.000     0.000     0.000     0.000     0.030     -0.007    0.000     0.000     0.000     0.000     0.079     0.039     0.093     0.000     0.052     0.069     0.091     0.480     0.123     0.180     0.000     0.000     0.000     0.000     0.000     0.000     0.000     0.000     0.000     0.000     0.000     0.000     0.000     0.023     0.000     0.000     0.000     0.000     0.000     0.000     0.000     0.000     0.000     0.000     0.000     100.000   0.000     0.000     0.000     0.000     0.000     0.000     0.000     0.000     1.000     0.000     0.000     0.000     0.000     0.000     0.000     0.000     
0.080     0.000     0.000     0.000     0.000     0.000     0.000     0.000     0.000     0.000     0.000     0.000     0.000     0.000     0.000     0.000     0.000     0.000     0.000     0.000     0.000     0.000     0.000     0.000     0.000     0.000     0.000     0.000     59.900    0.000     0.000     0.000     0.000     0.000     0.000     0.000     0.000     0.000     0.000     0.000     0.000     0.000     0.000     0.000     0.000     0.000     0.000     0.000     0.000     0.000     0.000     0.000     0.000     0.000     0.000     0.000     1.000     0.000     0.000     0.000     0.000     0.000     0.000     
397.000   0.000     7.800     8.210     0.126     0.310     3.851     0.000     0.000     0.000     0.000     0.046     0.029     0.470     0.080     0.072     0.077     0.204     0.780     0.208     0.000     0.000     0.000     0.000     0.000     0.000     0.000     0.000     0.000     0.000     0.000     0.000     0.000     0.070     1.610     0.000     1.260     1.460     0.000     0.000     0.000     0.000     0.000     0.000     100.000   0.000     0.000     0.000     0.000     0.000     0.000     0.000     0.000     0.000     0.000     0.000     0.000     1.000     0.000     0.000     0.000     0.000     0.000     
7.300     0.000     0.000     0.000     0.000     0.000     0.000     0.000     0.000     0.000     0.000     0.000     0.000     0.000     0.000     0.000     0.000     0.000     0.000     0.000     0.000     0.000     0.000     18.175    0.000     0.000     0.000     0.000     0.000     0.000     0.000     0.000     0.000     0.000     0.000     0.000     0.000     0.000     0.000     0.000     0.000     0.000     0.000     0.000     0.000     0.000     0.000     0.000     0.000     0.000     0.000     0.000     0.000     0.000     0.000     0.000     0.000     0.000     1.000     0.000     0.000     0.000     0.000     
1.000     0.000     0.000     0.000     0.000     0.000     0.000     0.000     0.000     0.000     23.550    0.000     0.000     0.000     0.000     0.000     0.000     0.000     0.000     0.000     0.000     0.000     0.000     0.000     35.000    53.400    0.000     19.700    40.100    20.150    0.000     0.000     13.740    0.000     0.000     12.810    0.000     0.000     0.000     0.000     0.000     0.000     0.000     0.000     0.000     0.000     0.000     0.000     0.000     0.000     0.000     0.000     0.000     0.000     0.000     0.000     0.000     0.000     0.000     1.000     0.000     0.000     0.000     
30.000    0.000     0.000     0.000     0.000     0.030     0.002     0.000     0.000     0.000     0.000     0.016     0.027     0.000     0.100     1.009     0.920     0.057     0.530     0.077     0.000     0.000     0.000     0.000     0.000     0.000     0.000     0.000     0.000     0.000     24.466    59.965    0.000     0.050     0.040     0.000     1.510     0.240     0.000     0.000     0.000     0.000     0.000     0.000     0.000     0.000     0.000     0.000     0.000     0.000     0.000     0.000     0.000     0.000     0.000     0.000     0.000     0.000     0.000     0.000     1.000     0.000     0.000     
0.051     0.000     0.000     0.000     0.000     0.000     0.000     0.000     0.000     0.000     0.000     0.000     0.000     0.000     0.000     0.000     0.000     0.000     0.000     0.000     0.000     0.000     0.000     0.000     0.000     0.000     88.150    0.000     0.000     0.000     0.000     0.000     0.000     0.000     0.000     0.000     0.000     0.000     0.000     0.000     0.000     0.000     0.000     0.000     0.000     0.000     0.000     0.000     0.000     0.000     0.000     0.000     0.000     0.000     0.000     0.000     0.000     0.000     0.000     0.000     0.000     1.000     0.000     
7940.300  100.000   81.240    81.090    76.500    75.950    72.550    59.960    61.360    65.090    47.010    60.380    64.850    71.440    70.220    63.700    62.820    68.490    66.440    71.440    61.250    64.550    27.650    42.770    0.000     0.010     11.850    0.000     0.000     0.000     55.090    40.040    27.420    78.720    83.930    45.930    68.250    71.740    0.000     0.000     0.000     0.000     0.000     0.000     0.000     64.090    0.000     0.000     0.000     0.000     0.000     0.000     0.000     0.000     0.000     0.000     0.000     0.000     0.000     0.000     0.000     0.000     1.000     
0.000     7.000     5.000     5.000     7.000     7.000     3.000     0.300     5.400     3.000     0.700     10.000    10.000    7.100     5.000     9.000     9.500     8.000     7.500     6.000     4.000     3.000     7.000     10.000    8.000     5.000     10.000    10.000    10.000    6.000     2.000     -1.000    -1.000    7.200     7.200     5.000     7.500     6.000     -100.000  -100.000  -100.000  -100.000  -100.000  -100.000  -100.000  0.000     -100.000  0.000     0.000     0.000     0.000     0.000     0.000     0.000     0.000     0.000     0.000     0.000     0.000     0.000     0.000     0.000     0.000     

Tableau 1:
867.000   0.000     10.410    10.400    9.817     9.850     15.373    0.000     0.000     0.000     0.000     9.675     10.094    19.500    16.460    7.539     7.370     1.563     3.420     0.930     12.529    17.814    0.000     0.000     0.000     0.000     0.000     0.000     0.000     0.000     0.000     0.000     0.000     20.750    9.440     0.000     13.070    18.030    0.000     0.000     0.000     0.000     0.000     0.000     0.000     2.050     0.000     1.000     0.000     0.000     0.000     0.000     0.000     0.000     0.000     0.000     0.000     0.000     0.000     0.000     0.000     0.000     0.000     
0.210     0.000     0.000     0.000     0.000     0.000     0.000     0.000     0.000     0.000     0.000     0.000     0.000     0.000     0.000     0.000     0.000     0.000     0.000     0.000     0.000     0.000     0.000     0.000     0.000     0.000     0.000     46.000    0.000     0.000     0.000     0.000     0.000     0.000     0.000     0.000     0.000     0.000     100.000   0.000     0.000     0.000     0.000     0.000     0.000     0.000     0.000     0.000     1.000     0.000     0.000     0.000     0.000     0.000     0.000     0.000     0.000     0.000     0.000     0.000     0.000     0.000     0.000     
6.800     0.000     0.000     0.000     0.000     0.250     0.000     0.000     0.000     0.000     0.000     0.000     0.000     0.000     0.000     0.000     0.000     0.000     0.000     0.000     0.000     0.000     0.000     0.000     0.000     0.000     0.000     0.000     0.000     0.000     0.000     0.000     58.840    0.000     0.000     0.000     0.000     0.000     0.000     100.000   0.000     0.000     0.000     0.000     0.000     0.000     0.000     0.000     0.000     1.000     0.000     0.000     0.000     0.000     0.000     0.000     0.000     0.000     0.000     0.000     0.000     0.000     0.000     
122.000   0.000     0.380     0.000     0.121     0.000     7.891     40.044    20.019    21.730    29.440    0.107     0.038     0.000     0.000     0.016     0.143     8.717     8.630     9.324     16.526    17.639    0.000     39.058    0.000     0.000     0.000     0.000     0.000     0.000     20.440    0.000     0.000     0.040     0.490     0.000     1.430     0.450     0.000     0.000     100.000   0.000     0.000     0.000     0.000     0.000     0.000     0.000     0.000     0.000     1.000     0.000     0.000     0.000     0.000     0.000     0.000     0.000     0.000     0.000     0.000     0.000     0.000     
1.490     0.000     0.000     0.000     0.000     0.000     0.000     0.000     0.000     0.000     0.000     0.000     0.000     0.000     0.000     0.000     0.000     0.000     0.000     0.000     0.000     0.000     0.000     0.000     34.500    0.000     0.000     0.000     0.000     79.850    0.000     0.000     0.000     0.000     0.000     0.000     0.000     0.000     0.000     0.000     0.000     100.000   0.000     0.000     0.000     33.860    0.000     0.000     0.000     0.000     0.000     1.000     0.000     0.000     0.000     0.000     0.000     0.000     0.000     0.000     0.000     0.000     0.000     
266.000   0.000     0.050     0.040     0.098     0.080     0.199     0.000     12.553    0.000     0.000     20.331    10.524    0.080     3.190     7.914     13.043    12.712    11.260    6.378     9.494     0.000     72.348    0.000     30.499    46.591    0.000     34.300    0.000     0.000     0.000     0.000     0.000     0.160     2.230     33.450    9.210     2.380     0.000     0.000     0.000     0.000     0.000     0.000     0.000     0.000     0.000     0.000     0.000     0.000     0.000     0.000     1.000     0.000     0.000     0.000     0.000     0.000     0.000     0.000     0.000     0.000     0.000     
292.000   0.000     0.110     0.240     13.337    13.500    0.142     0.000     0.000     0.000     0.000     0.016     0.034     8.370     9.140     7.863     7.347     0.104     0.430     0.067     0.000     0.000     0.000     0.000     0.000     0.000     0.000     0.000     0.000     0.000     0.000     0.000     0.000     0.170     0.370     7.810     0.040     0.010     0.000     0.000     0.000     0.000     100.000   0.000     0.000     0.000     0.000     0.000     0.000     0.000     0.000     0.000     0.000     1.000     0.000     0.000     0.000     0.000     0.000     0.000     0.000     0.000     0.000     
64.000    0.000     0.010     0.020     0.000     0.000     -0.001    0.000     6.072     13.180    0.000     9.355     14.365    0.050     0.810     11.834    8.209     8.065     8.030     11.457    0.019     0.000     0.000     0.000     0.000     0.000     0.000     0.000     0.000     0.000     0.000     0.000     0.000     0.040     1.870     0.000     5.230     5.690     0.000     0.000     0.000     0.000     0.000     100.000   0.000     0.000     0.000     0.000     0.000     0.000     0.000     0.000     0.000     0.000     1.000     0.000     0.000     0.000     0.000     0.000     0.000     0.000     0.000     
0.048     0.000     0.000     0.000     0.000     0.000     0.000     0.000     0.000     0.000     0.000     0.001     0.000     0.001     0.000     0.001     0.001     0.001     0.005     0.001     0.002     0.000     0.000     0.000     0.000     0.000     0.000     0.000     0.000     0.000     0.000     0.000     0.000     0.000     0.000     0.000     0.000     0.000     0.000     0.000     0.000     0.000     0.000     0.000     0.000     0.000     1.000     0.000     0.000     0.000     0.000     0.000     0.000     0.000     0.000     0.010     0.000     0.000     0.000     0.000     0.000     0.000     0.000     
0.080     0.000     0.000     0.000     0.000     0.000     0.000     0.000     0.000     0.000     0.000     0.000     0.000     0.000     0.000     0.000     0.000     0.000     0.000     0.000     0.000     0.000     0.000     0.000     0.000     0.000     0.000     0.000     59.900    0.000     0.000     0.000     0.000     0.000     0.000     0.000     0.000     0.000     0.000     0.000     0.000     0.000     0.000     0.000     0.000     0.000     0.000     0.000     0.000     0.000     0.000     0.000     0.000     0.000     0.000     0.000     1.000     0.000     0.000     0.000     0.000     0.000     0.000     
397.000   0.000     7.800     8.210     0.126     0.310     3.851     0.000     0.000     0.000     0.000     0.046     0.029     0.470     0.080     0.072     0.077     0.204     0.780     0.208     0.000     0.000     0.000     0.000     0.000     0.000     0.000     0.000     0.000     0.000     0.000     0.000     0.000     0.070     1.610     0.000     1.260     1.460     0.000     0.000     0.000     0.000     0.000     0.000     100.000   0.000     0.000     0.000     0.000     0.000     0.000     0.000     0.000     0.000     0.000     0.000     0.000     1.000     0.000     0.000     0.000     0.000     0.000     
7.300     0.000     0.000     0.000     0.000     0.000     0.000     0.000     0.000     0.000     0.000     0.000     0.000     0.000     0.000     0.000     0.000     0.000     0.000     0.000     0.000     0.000     0.000     18.175    0.000     0.000     0.000     0.000     0.000     0.000     0.000     0.000     0.000     0.000     0.000     0.000     0.000     0.000     0.000     0.000     0.000     0.000     0.000     0.000     0.000     0.000     0.000     0.000     0.000     0.000     0.000     0.000     0.000     0.000     0.000     0.000     0.000     0.000     1.000     0.000     0.000     0.000     0.000     
1.000     0.000     0.000     0.000     0.000     0.000     0.000     0.000     0.000     0.000     23.550    0.000     0.000     0.000     0.000     0.000     0.000     0.000     0.000     0.000     0.000     0.000     0.000     0.000     35.000    53.400    0.000     19.700    40.100    20.150    0.000     0.000     13.740    0.000     0.000     12.810    0.000     0.000     0.000     0.000     0.000     0.000     0.000     0.000     0.000     0.000     0.000     0.000     0.000     0.000     0.000     0.000     0.000     0.000     0.000     0.000     0.000     0.000     0.000     1.000     0.000     0.000     0.000     
30.000    0.000     0.000     0.000     0.000     0.030     0.002     0.000     0.000     0.000     0.000     0.016     0.027     0.000     0.100     1.009     0.920     0.057     0.530     0.077     0.000     0.000     0.000     0.000     0.000     0.000     0.000     0.000     0.000     0.000     24.466    59.965    0.000     0.050     0.040     0.000     1.510     0.240     0.000     0.000     0.000     0.000     0.000     0.000     0.000     0.000     0.000     0.000     0.000     0.000     0.000     0.000     0.000     0.000     0.000     0.000     0.000     0.000     0.000     0.000     1.000     0.000     0.000     
0.051     0.000     0.000     0.000     0.000     0.000     0.000     0.000     0.000     0.000     0.000     0.000     0.000     0.000     0.000     0.000     0.000     0.000     0.000     0.000     0.000     0.000     0.000     0.000     0.000     0.000     88.150    0.000     0.000     0.000     0.000     0.000     0.000     0.000     0.000     0.000     0.000     0.000     0.000     0.000     0.000     0.000     0.000     0.000     0.000     0.000     0.000     0.000     0.000     0.000     0.000     0.000     0.000     0.000     0.000     0.000     0.000     0.000     0.000     0.000     0.000     1.000     0.000     
7940.300  100.000   81.240    81.090    76.500    75.950    72.550    59.960    61.360    65.090    47.010    60.380    64.850    71.440    70.220    63.700    62.820    68.490    66.440    71.440    61.250    64.550    27.650    42.770    0.000     0.010     11.850    0.000     0.000     0.000     55.090    40.040    27.420    78.720    83.930    45.930    68.250    71.740    0.000     0.000     0.000     0.000     0.000     0.000     0.000     64.090    0.000     0.000     0.000     0.000     0.000     0.000     0.000     0.000     0.000     0.000     0.000     0.000     0.000     0.000     0.000     0.000     1.000     
4.770     7.000     5.000     5.000     7.000     7.030     2.994     0.300     5.400     3.000     0.700     10.079    10.039    7.193     5.000     9.052     9.569     8.091     7.980     6.123     4.180     3.000     7.000     10.000    8.000     5.000     10.000    10.000    10.000    6.000     2.000     -1.000    -1.000    7.200     7.223     5.000     7.500     6.000     -100.000  -100.000  -100.000  -100.000  -100.000  -100.000  -100.000  0.000     0.000     0.000     0.000     0.000     0.000     0.000     0.000     0.000     0.000     1.000     0.000     0.000     0.000     0.000     0.000     0.000     0.000     

Tableau 2:
867.000   0.000     10.410    10.400    9.817     9.850     15.373    0.000     0.000     0.000     0.000     9.675     10.094    19.500    16.460    7.539     7.370     1.563     3.420     0.930     12.529    17.814    0.000     0.000     0.000     0.000     0.000     0.000     0.000     0.000     0.000     0.000     0.000     20.750    9.440     0.000     13.070    18.030    0.000     0.000     0.000     0.000     0.000     0.000     0.000     2.050     0.000     1.000     0.000     0.000     0.000     0.000     0.000     0.000     0.000     0.000     0.000     0.000     0.000     0.000     0.000     0.000     0.000     
0.210     0.000     0.000     0.000     0.000     0.000     0.000     0.000     0.000     0.000     0.000     0.000     0.000     0.000     0.000     0.000     0.000     0.000     0.000     0.000     0.000     0.000     0.000     0.000     0.000     0.000     0.000     46.000    0.000     0.000     0.000     0.000     0.000     0.000     0.000     0.000     0.000     0.000     100.000   0.000     0.000     0.000     0.000     0.000     0.000     0.000     0.000     0.000     1.000     0.000     0.000     0.000     0.000     0.000     0.000     0.000     0.000     0.000     0.000     0.000     0.000     0.000     0.000     
6.800     0.000     0.000     0.000     0.000     0.250     0.000     0.000     0.000     0.000     0.000     0.000     0.000     0.000     0.000     0.000     0.000     0.000     0.000     0.000     0.000     0.000     0.000     0.000     0.000     0.000     0.000     0.000     0.000     0.000     0.000     0.000     58.840    0.000     0.000     0.000     0.000     0.000     0.000     100.000   0.000     0.000     0.000     0.000     0.000     0.000     0.000     0.000     0.000     1.000     0.000     0.000     0.000     0.000     0.000     0.000     0.000     0.000     0.000     0.000     0.000     0.000     0.000     
122.000   0.000     0.380     0.000     0.121     0.000     7.891     40.044    20.019    21.730    29.440    0.107     0.038     0.000     0.000     0.016     0.143     8.717     8.630     9.324     16.526    17.639    0.000     39.058    0.000     0.000     0.000     0.000     0.000     0.000     20.440    0.000     0.000     0.040     0.490     0.000     1.430     0.450     0.000     0.000     100.000   0.000     0.000     0.000     0.000     0.000     0.000     0.000     0.000     0.000     1.000     0.000     0.000     0.000     0.000     0.000     0.000     0.000     0.000     0.000     0.000     0.000     0.000     
1.490     0.000     0.000     0.000     0.000     0.000     0.000     0.000     0.000     0.000     0.000     0.000     0.000     0.000     0.000     0.000     0.000     0.000     0.000     0.000     0.000     0.000     0.000     0.000     34.500    0.000     0.000     0.000     0.000     79.850    0.000     0.000     0.000     0.000     0.000     0.000     0.000     0.000     0.000     0.000     0.000     100.000   0.000     0.000     0.000     33.860    0.000     0.000     0.000     0.000     0.000     1.000     0.000     0.000     0.000     0.000     0.000     0.000     0.000     0.000     0.000     0.000     0.000     
266.000   0.000     0.050     0.040     0.098     0.080     0.199     0.000     12.553    0.000     0.000     20.331    10.524    0.080     3.190     7.914     13.043    12.712    11.260    6.378     9.494     0.000     72.348    0.000     30.499    46.591    0.000     34.300    0.000     0.000     0.000     0.000     0.000     0.160     2.230     33.450    9.210     2.380     0.000     0.000     0.000     0.000     0.000     0.000     0.000     0.000     0.000     0.000     0.000     0.000     0.000     0.000     1.000     0.000     0.000     0.000     0.000     0.000     0.000     0.000     0.000     0.000     0.000     
292.000   0.000     0.110     0.240     13.337    13.500    0.142     0.000     0.000     0.000     0.000     0.016     0.034     8.370     9.140     7.863     7.347     0.104     0.430     0.067     0.000     0.000     0.000     0.000     0.000     0.000     0.000     0.000     0.000     0.000     0.000     0.000     0.000     0.170     0.370     7.810     0.040     0.010     0.000     0.000     0.000     0.000     100.000   0.000     0.000     0.000     0.000     0.000     0.000     0.000     0.000     0.000     0.000     1.000     0.000     0.000     0.000     0.000     0.000     0.000     0.000     0.000     0.000     
64.000    0.000     0.010     0.020     0.000     0.000     -0.001    0.000     6.072     13.180    0.000     9.355     14.365    0.050     0.810     11.834    8.209     8.065     8.030     11.457    0.019     0.000     0.000     0.000     0.000     0.000     0.000     0.000     0.000     0.000     0.000     0.000     0.000     0.040     1.870     0.000     5.230     5.690     0.000     0.000     0.000     0.000     0.000     100.000   0.000     0.000     0.000     0.000     0.000     0.000     0.000     0.000     0.000     0.000     1.000     0.000     0.000     0.000     0.000     0.000     0.000     0.000     0.000     
0.048     0.000     0.000     0.000     0.000     0.000     0.000     0.000     0.000     0.000     0.000     0.001     0.000     0.001     0.000     0.001     0.001     0.001     0.005     0.001     0.002     0.000     0.000     0.000     0.000     0.000     0.000     0.000     0.000     0.000     0.000     0.000     0.000     0.000     0.000     0.000     0.000     0.000     0.000     0.000     0.000     0.000     0.000     0.000     0.000     0.000     1.000     0.000     0.000     0.000     0.000     0.000     0.000     0.000     0.000     0.010     0.000     0.000     0.000     0.000     0.000     0.000     0.000     
0.080     0.000     0.000     0.000     0.000     0.000     0.000     0.000     0.000     0.000     0.000     0.000     0.000     0.000     0.000     0.000     0.000     0.000     0.000     0.000     0.000     0.000     0.000     0.000     0.000     0.000     0.000     0.000     59.900    0.000     0.000     0.000     0.000     0.000     0.000     0.000     0.000     0.000     0.000     0.000     0.000     0.000     0.000     0.000     0.000     0.000     0.000     0.000     0.000     0.000     0.000     0.000     0.000     0.000     0.000     0.000     1.000     0.000     0.000     0.000     0.000     0.000     0.000     
3.970     0.000     0.078     0.082     0.001     0.003     0.039     0.000     0.000     0.000     0.000     0.000     0.000     0.005     0.001     0.001     0.001     0.002     0.008     0.002     0.000     0.000     0.000     0.000     0.000     0.000     0.000     0.000     0.000     0.000     0.000     0.000     0.000     0.001     0.016     0.000     0.013     0.015     0.000     0.000     0.000     0.000     0.000     0.000     1.000     0.000     0.000     0.000     0.000     0.000     0.000     0.000     0.000     0.000     0.000     0.000     0.000     0.010     0.000     0.000     0.000     0.000     0.000     
7.300     0.000     0.000     0.000     0.000     0.000     0.000     0.000     0.000     0.000     0.000     0.000     0.000     0.000     0.000     0.000     0.000     0.000     0.000     0.000     0.000     0.000     0.000     18.175    0.000     0.000     0.000     0.000     0.000     0.000     0.000     0.000     0.000     0.000     0.000     0.000     0.000     0.000     0.000     0.000     0.000     0.000     0.000     0.000     0.000     0.000     0.000     0.000     0.000     0.000     0.000     0.000     0.000     0.000     0.000     0.000     0.000     0.000     1.000     0.000     0.000     0.000     0.000     
1.000     0.000     0.000     0.000     0.000     0.000     0.000     0.000     0.000     0.000     23.550    0.000     0.000     0.000     0.000     0.000     0.000     0.000     0.000     0.000     0.000     0.000     0.000     0.000     35.000    53.400    0.000     19.700    40.100    20.150    0.000     0.000     13.740    0.000     0.000     12.810    0.000     0.000     0.000     0.000     0.000     0.000     0.000     0.000     0.000     0.000     0.000     0.000     0.000     0.000     0.000     0.000     0.000     0.000     0.000     0.000     0.000     0.000     0.000     1.000     0.000     0.000     0.000     
30.000    0.000     0.000     0.000     0.000     0.030     0.002     0.000     0.000     0.000     0.000     0.016     0.027     0.000     0.100     1.009     0.920     0.057     0.530     0.077     0.000     0.000     0.000     0.000     0.000     0.000     0.000     0.000     0.000     0.000     24.466    59.965    0.000     0.050     0.040     0.000     1.510     0.240     0.000     0.000     0.000     0.000     0.000     0.000     0.000     0.000     0.000     0.000     0.000     0.000     0.000     0.000     0.000     0.000     0.000     0.000     0.000     0.000     0.000     0.000     1.000     0.000     0.000     
0.051     0.000     0.000     0.000     0.000     0.000     0.000     0.000     0.000     0.000     0.000     0.000     0.000     0.000     0.000     0.000     0.000     0.000     0.000     0.000     0.000     0.000     0.000     0.000     0.000     0.000     88.150    0.000     0.000     0.000     0.000     0.000     0.000     0.000     0.000     0.000     0.000     0.000     0.000     0.000     0.000     0.000     0.000     0.000     0.000     0.000     0.000     0.000     0.000     0.000     0.000     0.000     0.000     0.000     0.000     0.000     0.000     0.000     0.000     0.000     0.000     1.000     0.000     
7940.300  100.000   81.240    81.090    76.500    75.950    72.550    59.960    61.360    65.090    47.010    60.380    64.850    71.440    70.220    63.700    62.820    68.490    66.440    71.440    61.250    64.550    27.650    42.770    0.000     0.010     11.850    0.000     0.000     0.000     55.090    40.040    27.420    78.720    83.930    45.930    68.250    71.740    0.000     0.000     0.000     0.000     0.000     0.000     0.000     64.090    0.000     0.000     0.000     0.000     0.000     0.000     0.000     0.000     0.000     0.000     0.000     0.000     0.000     0.000     0.000     0.000     1.000     
401.770   7.000     12.800    13.210    7.126     7.340     6.844     0.300     5.400     3.000     0.700     10.124    10.068    7.663     5.080     9.124     9.646     8.295     8.760     6.331     4.180     3.000     7.000     10.000    8.000     5.000     10.000    10.000    10.000    6.000     2.000     -1.000    -1.000    7.270     8.833     5.000     8.760     7.460     -100.000  -100.000  -100.000  -100.000  -100.000  -100.000  0.000     0.000     0.000     0.000     0.000     0.000     0.000     0.000     0.000     0.000     0.000     1.000     0.000     1.000     0.000     0.000     0.000     0.000     0.000     

Tableau 3:
867.000   0.000     10.410    10.400    9.817     9.850     15.373    0.000     0.000     0.000     0.000     9.675     10.094    19.500    16.460    7.539     7.370     1.563     3.420     0.930     12.529    17.814    0.000     0.000     0.000     0.000     0.000     0.000     0.000     0.000     0.000     0.000     0.000     20.750    9.440     0.000     13.070    18.030    0.000     0.000     0.000     0.000     0.000     0.000     0.000     2.050     0.000     1.000     0.000     0.000     0.000     0.000     0.000     0.000     0.000     0.000     0.000     0.000     0.000     0.000     0.000     0.000     0.000     
0.210     0.000     0.000     0.000     0.000     0.000     0.000     0.000     0.000     0.000     0.000     0.000     0.000     0.000     0.000     0.000     0.000     0.000     0.000     0.000     0.000     0.000     0.000     0.000     0.000     0.000     0.000     46.000    0.000     0.000     0.000     0.000     0.000     0.000     0.000     0.000     0.000     0.000     100.000   0.000     0.000     0.000     0.000     0.000     0.000     0.000     0.000     0.000     1.000     0.000     0.000     0.000     0.000     0.000     0.000     0.000     0.000     0.000     0.000     0.000     0.000     0.000     0.000     
6.800     0.000     0.000     0.000     0.000     0.250     0.000     0.000     0.000     0.000     0.000     0.000     0.000     0.000     0.000     0.000     0.000     0.000     0.000     0.000     0.000     0.000     0.000     0.000     0.000     0.000     0.000     0.000     0.000     0.000     0.000     0.000     58.840    0.000     0.000     0.000     0.000     0.000     0.000     100.000   0.000     0.000     0.000     0.000     0.000     0.000     0.000     0.000     0.000     1.000     0.000     0.000     0.000     0.000     0.000     0.000     0.000     0.000     0.000     0.000     0.000     0.000     0.000     
122.000   0.000     0.380     0.000     0.121     0.000     7.891     40.044    20.019    21.730    29.440    0.107     0.038     0.000     0.000     0.016     0.143     8.717     8.630     9.324     16.526    17.639    0.000     39.058    0.000     0.000     0.000     0.000     0.000     0.000     20.440    0.000     0.000     0.040     0.490     0.000     1.430     0.450     0.000     0.000     100.000   0.000     0.000     0.000     0.000     0.000     0.000     0.000     0.000     0.000     1.000     0.000     0.000     0.000     0.000     0.000     0.000     0.000     0.000     0.000     0.000     0.000     0.000     
1.490     0.000     0.000     0.000     0.000     0.000     0.000     0.000     0.000     0.000     0.000     0.000     0.000     0.000     0.000     0.000     0.000     0.000     0.000     0.000     0.000     0.000     0.000     0.000     34.500    0.000     0.000     0.000     0.000     79.850    0.000     0.000     0.000     0.000     0.000     0.000     0.000     0.000     0.000     0.000     0.000     100.000   0.000     0.000     0.000     33.860    0.000     0.000     0.000     0.000     0.000     1.000     0.000     0.000     0.000     0.000     0.000     0.000     0.000     0.000     0.000     0.000     0.000     
266.000   0.000     0.050     0.040     0.098     0.080     0.199     0.000     12.553    0.000     0.000     20.331    10.524    0.080     3.190     7.914     13.043    12.712    11.260    6.378     9.494     0.000     72.348    0.000     30.499    46.591    0.000     34.300    0.000     0.000     0.000     0.000     0.000     0.160     2.230     33.450    9.210     2.380     0.000     0.000     0.000     0.000     0.000     0.000     0.000     0.000     0.000     0.000     0.000     0.000     0.000     0.000     1.000     0.000     0.000     0.000     0.000     0.000     0.000     0.000     0.000     0.000     0.000     
292.000   0.000     0.110     0.240     13.337    13.500    0.142     0.000     0.000     0.000     0.000     0.016     0.034     8.370     9.140     7.863     7.347     0.104     0.430     0.067     0.000     0.000     0.000     0.000     0.000     0.000     0.000     0.000     0.000     0.000     0.000     0.000     0.000     0.170     0.370     7.810     0.040     0.010     0.000     0.000     0.000     0.000     100.000   0.000     0.000     0.000     0.000     0.000     0.000     0.000     0.000     0.000     0.000     1.000     0.000     0.000     0.000     0.000     0.000     0.000     0.000     0.000     0.000     
0.640     0.000     0.000     0.000     0.000     0.000     0.000     0.000     0.061     0.132     0.000     0.094     0.144     0.001     0.008     0.118     0.082     0.081     0.080     0.115     0.000     0.000     0.000     0.000     0.000     0.000     0.000     0.000     0.000     0.000     0.000     0.000     0.000     0.000     0.019     0.000     0.052     0.057     0.000     0.000     0.000     0.000     0.000     1.000     0.000     0.000     0.000     0.000     0.000     0.000     0.000     0.000     0.000     0.000     0.010     0.000     0.000     0.000     0.000     0.000     0.000     0.000     0.000     
0.048     0.000     0.000     0.000     0.000     0.000     0.000     0.000     0.000     0.000     0.000     0.001     0.000     0.001     0.000     0.001     0.001     0.001     0.005     0.001     0.002     0.000     0.000     0.000     0.000     0.000     0.000     0.000     0.000     0.000     0.000     0.000     0.000     0.000     0.000     0.000     0.000     0.000     0.000     0.000     0.000     0.000     0.000     0.000     0.000     0.000     1.000     0.000     0.000     0.000     0.000     0.000     0.000     0.000     0.000     0.010     0.000     0.000     0.000     0.000     0.000     0.000     0.000     
0.080     0.000     0.000     0.000     0.000     0.000     0.000     0.000     0.000     0.000     0.000     0.000     0.000     0.000     0.000     0.000     0.000     0.000     0.000     0.000     0.000     0.000     0.000     0.000     0.000     0.000     0.000     0.000     59.900    0.000     0.000     0.000     0.000     0.000     0.000     0.000     0.000     0.000     0.000     0.000     0.000     0.000     0.000     0.000     0.000     0.000     0.000     0.000     0.000     0.000     0.000     0.000     0.000     0.000     0.000     0.000     1.000     0.000     0.000     0.000     0.000     0.000     0.000     
3.970     0.000     0.078     0.082     0.001     0.003     0.039     0.000     0.000     0.000     0.000     0.000     0.000     0.005     0.001     0.001     0.001     0.002     0.008     0.002     0.000     0.000     0.000     0.000     0.000     0.000     0.000     0.000     0.000     0.000     0.000     0.000     0.000     0.001     0.016     0.000     0.013     0.015     0.000     0.000     0.000     0.000     0.000     0.000     1.000     0.000     0.000     0.000     0.000     0.000     0.000     0.000     0.000     0.000     0.000     0.000     0.000     0.010     0.000     0.000     0.000     0.000     0.000     
7.300     0.000     0.000     0.000     0.000     0.000     0.000     0.000     0.000     0.000     0.000     0.000     0.000     0.000     0.000     0.000     0.000     0.000     0.000     0.000     0.000     0.000     0.000     18.175    0.000     0.000     0.000     0.000     0.000     0.000     0.000     0.000     0.000     0.000     0.000     0.000     0.000     0.000     0.000     0.000     0.000     0.000     0.000     0.000     0.000     0.000     0.000     0.000     0.000     0.000     0.000     0.000     0.000     0.000     0.000     0.000     0.000     0.000     1.000     0.000     0.000     0.000     0.000     
1.000     0.000     0.000     0.000     0.000     0.000     0.000     0.000     0.000     0.000     23.550    0.000     0.000     0.000     0.000     0.000     0.000     0.000     0.000     0.000     0.000     0.000     0.000     0.000     35.000    53.400    0.000     19.700    40.100    20.150    0.000     0.000     13.740    0.000     0.000     12.810    0.000     0.000     0.000     0.000     0.000     0.000     0.000     0.000     0.000     0.000     0.000     0.000     0.000     0.000     0.000     0.000     0.000     0.000     0.000     0.000     0.000     0.000     0.000     1.000     0.000     0.000     0.000     
30.000    0.000     0.000     0.000     0.000     0.030     0.002     0.000     0.000     0.000     0.000     0.016     0.027     0.000     0.100     1.009     0.920     0.057     0.530     0.077     0.000     0.000     0.000     0.000     0.000     0.000     0.000     0.000     0.000     0.000     24.466    59.965    0.000     0.050     0.040     0.000     1.510     0.240     0.000     0.000     0.000     0.000     0.000     0.000     0.000     0.000     0.000     0.000     0.000     0.000     0.000     0.000     0.000     0.000     0.000     0.000     0.000     0.000     0.000     0.000     1.000     0.000     0.000     
0.051     0.000     0.000     0.000     0.000     0.000     0.000     0.000     0.000     0.000     0.000     0.000     0.000     0.000     0.000     0.000     0.000     0.000     0.000     0.000     0.000     0.000     0.000     0.000     0.000     0.000     88.150    0.000     0.000     0.000     0.000     0.000     0.000     0.000     0.000     0.000     0.000     0.000     0.000     0.000     0.000     0.000     0.000     0.000     0.000     0.000     0.000     0.000     0.000     0.000     0.000     0.000     0.000     0.000     0.000     0.000     0.000     0.000     0.000     0.000     0.000     1.000     0.000     
7940.300  100.000   81.240    81.090    76.500    75.950    72.550    59.960    61.360    65.090    47.010    60.380    64.850    71.440    70.220    63.700    62.820    68.490    66.440    71.440    61.250    64.550    27.650    42.770    0.000     0.010     11.850    0.000     0.000     0.000     55.090    40.040    27.420    78.720    83.930    45.930    68.250    71.740    0.000     0.000     0.000     0.000     0.000     0.000     0.000     64.090    0.000     0.000     0.000     0.000     0.000     0.000     0.000     0.000     0.000     0.000     0.000     0.000     0.000     0.000     0.000     0.000     1.000     
465.770   7.000     12.810    13.230    7.126     7.340     6.843     0.300     11.472    16.180    0.700     19.480    24.433    7.713     5.890     20.958    17.855    16.360    16.790    17.788    4.199     3.000     7.000     10.000    8.000     5.000     10.000    10.000    10.000    6.000     2.000     -1.000    -1.000    7.310     10.703    5.000     13.990    13.150    -100.000  -100.000  -100.000  -100.000  -100.000  0.000     0.000     0.000     0.000     0.000     0.000     0.000     0.000     0.000     0.000     0.000     1.000     1.000     0.000     1.000     0.000     0.000     0.000     0.000     0.000     

Tableau 4:
867.000   0.000     10.410    10.400    9.817     9.850     15.373    0.000     0.000     0.000     0.000     9.675     10.094    19.500    16.460    7.539     7.370     1.563     3.420     0.930     12.529    17.814    0.000     0.000     0.000     0.000     0.000     0.000     0.000     0.000     0.000     0.000     0.000     20.750    9.440     0.000     13.070    18.030    0.000     0.000     0.000     0.000     0.000     0.000     0.000     2.050     0.000     1.000     0.000     0.000     0.000     0.000     0.000     0.000     0.000     0.000     0.000     0.000     0.000     0.000     0.000     0.000     0.000     
0.210     0.000     0.000     0.000     0.000     0.000     0.000     0.000     0.000     0.000     0.000     0.000     0.000     0.000     0.000     0.000     0.000     0.000     0.000     0.000     0.000     0.000     0.000     0.000     0.000     0.000     0.000     46.000    0.000     0.000     0.000     0.000     0.000     0.000     0.000     0.000     0.000     0.000     100.000   0.000     0.000     0.000     0.000     0.000     0.000     0.000     0.000     0.000     1.000     0.000     0.000     0.000     0.000     0.000     0.000     0.000     0.000     0.000     0.000     0.000     0.000     0.000     0.000     
6.800     0.000     0.000     0.000     0.000     0.250     0.000     0.000     0.000     0.000     0.000     0.000     0.000     0.000     0.000     0.000     0.000     0.000     0.000     0.000     0.000     0.000     0.000     0.000     0.000     0.000     0.000     0.000     0.000     0.000     0.000     0.000     58.840    0.000     0.000     0.000     0.000     0.000     0.000     100.000   0.000     0.000     0.000     0.000     0.000     0.000     0.000     0.000     0.000     1.000     0.000     0.000     0.000     0.000     0.000     0.000     0.000     0.000     0.000     0.000     0.000     0.000     0.000     
122.000   0.000     0.380     0.000     0.121     0.000     7.891     40.044    20.019    21.730    29.440    0.107     0.038     0.000     0.000     0.016     0.143     8.717     8.630     9.324     16.526    17.639    0.000     39.058    0.000     0.000     0.000     0.000     0.000     0.000     20.440    0.000     0.000     0.040     0.490     0.000     1.430     0.450     0.000     0.000     100.000   0.000     0.000     0.000     0.000     0.000     0.000     0.000     0.000     0.000     1.000     0.000     0.000     0.000     0.000     0.000     0.000     0.000     0.000     0.000     0.000     0.000     0.000     
1.490     0.000     0.000     0.000     0.000     0.000     0.000     0.000     0.000     0.000     0.000     0.000     0.000     0.000     0.000     0.000     0.000     0.000     0.000     0.000     0.000     0.000     0.000     0.000     34.500    0.000     0.000     0.000     0.000     79.850    0.000     0.000     0.000     0.000     0.000     0.000     0.000     0.000     0.000     0.000     0.000     100.000   0.000     0.000     0.000     33.860    0.000     0.000     0.000     0.000     0.000     1.000     0.000     0.000     0.000     0.000     0.000     0.000     0.000     0.000     0.000     0.000     0.000     
266.000   0.000     0.050     0.040     0.098     0.080     0.199     0.000     12.553    0.000     0.000     20.331    10.524    0.080     3.190     7.914     13.043    12.712    11.260    6.378     9.494     0.000     72.348    0.000     30.499    46.591    0.000     34.300    0.000     0.000     0.000     0.000     0.000     0.160     2.230     33.450    9.210     2.380     0.000     0.000     0.000     0.000     0.000     0.000     0.000     0.000     0.000     0.000     0.000     0.000     0.000     0.000     1.000     0.000     0.000     0.000     0.000     0.000     0.000     0.000     0.000     0.000     0.000     
2.920     0.000     0.001     0.002     0.133     0.135     0.001     0.000     0.000     0.000     0.000     0.000     0.000     0.084     0.091     0.079     0.073     0.001     0.004     0.001     0.000     0.000     0.000     0.000     0.000     0.000     0.000     0.000     0.000     0.000     0.000     0.000     0.000     0.002     0.004     0.078     0.000     0.000     0.000     0.000     0.000     0.000     1.000     0.000     0.000     0.000     0.000     0.000     0.000     0.000     0.000     0.000     0.000     0.010     0.000     0.000     0.000     0.000     0.000     0.000     0.000     0.000     0.000     
0.640     0.000     0.000     0.000     0.000     0.000     0.000     0.000     0.061     0.132     0.000     0.094     0.144     0.001     0.008     0.118     0.082     0.081     0.080     0.115     0.000     0.000     0.000     0.000     0.000     0.000     0.000     0.000     0.000     0.000     0.000     0.000     0.000     0.000     0.019     0.000     0.052     0.057     0.000     0.000     0.000     0.000     0.000     1.000     0.000     0.000     0.000     0.000     0.000     0.000     0.000     0.000     0.000     0.000     0.010     0.000     0.000     0.000     0.000     0.000     0.000     0.000     0.000     
0.048     0.000     0.000     0.000     0.000     0.000     0.000     0.000     0.000     0.000     0.000     0.001     0.000     0.001     0.000     0.001     0.001     0.001     0.005     0.001     0.002     0.000     0.000     0.000     0.000     0.000     0.000     0.000     0.000     0.000     0.000     0.000     0.000     0.000     0.000     0.000     0.000     0.000     0.000     0.000     0.000     0.000     0.000     0.000     0.000     0.000     1.000     0.000     0.000     0.000     0.000     0.000     0.000     0.000     0.000     0.010     0.000     0.000     0.000     0.000     0.000     0.000     0.000     
0.080     0.000     0.000     0.000     0.000     0.000     0.000     0.000     0.000     0.000     0.000     0.000     0.000     0.000     0.000     0.000     0.000     0.000     0.000     0.000     0.000     0.000     0.000     0.000     0.000     0.000     0.000     0.000     59.900    0.000     0.000     0.000     0.000     0.000     0.000     0.000     0.000     0.000     0.000     0.000     0.000     0.000     0.000     0.000     0.000     0.000     0.000     0.000     0.000     0.000     0.000     0.000     0.000     0.000     0.000     0.000     1.000     0.000     0.000     0.000     0.000     0.000     0.000     
3.970     0.000     0.078     0.082     0.001     0.003     0.039     0.000     0.000     0.000     0.000     0.000     0.000     0.005     0.001     0.001     0.001     0.002     0.008     0.002     0.000     0.000     0.000     0.000     0.000     0.000     0.000     0.000     0.000     0.000     0.000     0.000     0.000     0.001     0.016     0.000     0.013     0.015     0.000     0.000     0.000     0.000     0.000     0.000     1.000     0.000     0.000     0.000     0.000     0.000     0.000     0.000     0.000     0.000     0.000     0.000     0.000     0.010     0.000     0.000     0.000     0.000     0.000     
7.300     0.000     0.000     0.000     0.000     0.000     0.000     0.000     0.000     0.000     0.000     0.000     0.000     0.000     0.000     0.000     0.000     0.000     0.000     0.000     0.000     0.000     0.000     18.175    0.000     0.000     0.000     0.000     0.000     0.000     0.000     0.000     0.000     0.000     0.000     0.000     0.000     0.000     0.000     0.000     0.000     0.000     0.000     0.000     0.000     0.000     0.000     0.000     0.000     0.000     0.000     0.000     0.000     0.000     0.000     0.000     0.000     0.000     1.000     0.000     0.000     0.000     0.000     
1.000     0.000     0.000     0.000     0.000     0.000     0.000     0.000     0.000     0.000     23.550    0.000     0.000     0.000     0.000     0.000     0.000     0.000     0.000     0.000     0.000     0.000     0.000     0.000     35.000    53.400    0.000     19.700    40.100    20.150    0.000     0.000     13.740    0.000     0.000     12.810    0.000     0.000     0.000     0.000     0.000     0.000     0.000     0.000     0.000     0.000     0.000     0.000     0.000     0.000     0.000     0.000     0.000     0.000     0.000     0.000     0.000     0.000     0.000     1.000     0.000     0.000     0.000     
30.000    0.000     0.000     0.000     0.000     0.030     0.002     0.000     0.000     0.000     0.000     0.016     0.027     0.000     0.100     1.009     0.920     0.057     0.530     0.077     0.000     0.000     0.000     0.000     0.000     0.000     0.000     0.000     0.000     0.000     24.466    59.965    0.000     0.050     0.040     0.000     1.510     0.240     0.000     0.000     0.000     0.000     0.000     0.000     0.000     0.000     0.000     0.000     0.000     0.000     0.000     0.000     0.000     0.000     0.000     0.000     0.000     0.000     0.000     0.000     1.000     0.000     0.000     
0.051     0.000     0.000     0.000     0.000     0.000     0.000     0.000     0.000     0.000     0.000     0.000     0.000     0.000     0.000     0.000     0.000     0.000     0.000     0.000     0.000     0.000     0.000     0.000     0.000     0.000     88.150    0.000     0.000     0.000     0.000     0.000     0.000     0.000     0.000     0.000     0.000     0.000     0.000     0.000     0.000     0.000     0.000     0.000     0.000     0.000     0.000     0.000     0.000     0.000     0.000     0.000     0.000     0.000     0.000     0.000     0.000     0.000     0.000     0.000     0.000     1.000     0.000     
7940.300  100.000   81.240    81.090    76.500    75.950    72.550    59.960    61.360    65.090    47.010    60.380    64.850    71.440    70.220    63.700    62.820    68.490    66.440    71.440    61.250    64.550    27.650    42.770    0.000     0.010     11.850    0.000     0.000     0.000     55.090    40.040    27.420    78.720    83.930    45.930    68.250    71.740    0.000     0.000     0.000     0.000     0.000     0.000     0.000     64.090    0.000     0.000     0.000     0.000     0.000     0.000     0.000     0.000     0.000     0.000     0.000     0.000     0.000     0.000     0.000     0.000     1.000     
757.770   7.000     12.920    13.470    20.463    20.840    6.985     0.300     11.472    16.180    0.700     19.496    24.467    16.083    15.030    28.821    25.202    16.463    17.220    17.855    4.199     3.000     7.000     10.000    8.000     5.000     10.000    10.000    10.000    6.000     2.000     -1.000    -1.000    7.480     11.073    12.810    14.030    13.160    -100.000  -100.000  -100.000  -100.000  0.000     0.000     0.000     0.000     0.000     0.000     0.000     0.000     0.000     0.000     0.000     1.000     1.000     1.000     0.000     1.000     0.000     0.000     0.000     0.000     0.000     

Tableau 5:
867.000   0.000     10.410    10.400    9.817     9.850     15.373    0.000     0.000     0.000     0.000     9.675     10.094    19.500    16.460    7.539     7.370     1.563     3.420     0.930     12.529    17.814    0.000     0.000     0.000     0.000     0.000     0.000     0.000     0.000     0.000     0.000     0.000     20.750    9.440     0.000     13.070    18.030    0.000     0.000     0.000     0.000     0.000     0.000     0.000     2.050     0.000     1.000     0.000     0.000     0.000     0.000     0.000     0.000     0.000     0.000     0.000     0.000     0.000     0.000     0.000     0.000     0.000     
0.210     0.000     0.000     0.000     0.000     0.000     0.000     0.000     0.000     0.000     0.000     0.000     0.000     0.000     0.000     0.000     0.000     0.000     0.000     0.000     0.000     0.000     0.000     0.000     0.000     0.000     0.000     46.000    0.000     0.000     0.000     0.000     0.000     0.000     0.000     0.000     0.000     0.000     100.000   0.000     0.000     0.000     0.000     0.000     0.000     0.000     0.000     0.000     1.000     0.000     0.000     0.000     0.000     0.000     0.000     0.000     0.000     0.000     0.000     0.000     0.000     0.000     0.000     
6.800     0.000     0.000     0.000     0.000     0.250     0.000     0.000     0.000     0.000     0.000     0.000     0.000     0.000     0.000     0.000     0.000     0.000     0.000     0.000     0.000     0.000     0.000     0.000     0.000     0.000     0.000     0.000     0.000     0.000     0.000     0.000     58.840    0.000     0.000     0.000     0.000     0.000     0.000     100.000   0.000     0.000     0.000     0.000     0.000     0.000     0.000     0.000     0.000     1.000     0.000     0.000     0.000     0.000     0.000     0.000     0.000     0.000     0.000     0.000     0.000     0.000     0.000     
122.000   0.000     0.380     0.000     0.121     0.000     7.891     40.044    20.019    21.730    29.440    0.107     0.038     0.000     0.000     0.016     0.143     8.717     8.630     9.324     16.526    17.639    0.000     39.058    0.000     0.000     0.000     0.000     0.000     0.000     20.440    0.000     0.000     0.040     0.490     0.000     1.430     0.450     0.000     0.000     100.000   0.000     0.000     0.000     0.000     0.000     0.000     0.000     0.000     0.000     1.000     0.000     0.000     0.000     0.000     0.000     0.000     0.000     0.000     0.000     0.000     0.000     0.000     
0.015     0.000     0.000     0.000     0.000     0.000     0.000     0.000     0.000     0.000     0.000     0.000     0.000     0.000     0.000     0.000     0.000     0.000     0.000     0.000     0.000     0.000     0.000     0.000     0.345     0.000     0.000     0.000     0.000     0.799     0.000     0.000     0.000     0.000     0.000     0.000     0.000     0.000     0.000     0.000     0.000     1.000     0.000     0.000     0.000     0.339     0.000     0.000     0.000     0.000     0.000     0.010     0.000     0.000     0.000     0.000     0.000     0.000     0.000     0.000     0.000     0.000     0.000     
266.000   0.000     0.050     0.040     0.098     0.080     0.199     0.000     12.553    0.000     0.000     20.331    10.524    0.080     3.190     7.914     13.043    12.712    11.260    6.378     9.494     0.000     72.348    0.000     30.499    46.591    0.000     34.300    0.000     0.000     0.000     0.000     0.000     0.160     2.230     33.450    9.210     2.380     0.000     0.000     0.000     0.000     0.000     0.000     0.000     0.000     0.000     0.000     0.000     0.000     0.000     0.000     1.000     0.000     0.000     0.000     0.000     0.000     0.000     0.000     0.000     0.000     0.000     
2.920     0.000     0.001     0.002     0.133     0.135     0.001     0.000     0.000     0.000     0.000     0.000     0.000     0.084     0.091     0.079     0.073     0.001     0.004     0.001     0.000     0.000     0.000     0.000     0.000     0.000     0.000     0.000     0.000     0.000     0.000     0.000     0.000     0.002     0.004     0.078     0.000     0.000     0.000     0.000     0.000     0.000     1.000     0.000     0.000     0.000     0.000     0.000     0.000     0.000     0.000     0.000     0.000     0.010     0.000     0.000     0.000     0.000     0.000     0.000     0.000     0.000     0.000     
0.640     0.000     0.000     0.000     0.000     0.000     0.000     0.000     0.061     0.132     0.000     0.094     0.144     0.001     0.008     0.118     0.082     0.081     0.080     0.115     0.000     0.000     0.000     0.000     0.000     0.000     0.000     0.000     0.000     0.000     0.000     0.000     0.000     0.000     0.019     0.000     0.052     0.057     0.000     0.000     0.000     0.000     0.000     1.000     0.000     0.000     0.000     0.000     0.000     0.000     0.000     0.000     0.000     0.000     0.010     0.000     0.000     0.000     0.000     0.000     0.000     0.000     0.000     
0.048     0.000     0.000     0.000     0.000     0.000     0.000     0.000     0.000     0.000     0.000     0.001     0.000     0.001     0.000     0.001     0.001     0.001     0.005     0.001     0.002     0.000     0.000     0.000     0.000     0.000     0.000     0.000     0.000     0.000     0.000     0.000     0.000     0.000     0.000     0.000     0.000     0.000     0.000     0.000     0.000     0.000     0.000     0.000     0.000     0.000     1.000     0.000     0.000     0.000     0.000     0.000     0.000     0.000     0.000     0.010     0.000     0.000     0.000     0.000     0.000     0.000     0.000     
0.080     0.000     0.000     0.000     0.000     0.000     0.000     0.000     0.000     0.000     0.000     0.000     0.000     0.000     0.000     0.000     0.000     0.000     0.000     0.000     0.000     0.000     0.000     0.000     0.000     0.000     0.000     0.000     59.900    0.000     0.000     0.000     0.000     0.000     0.000     0.000     0.000     0.000     0.000     0.000     0.000     0.000     0.000     0.000     0.000     0.000     0.000     0.000     0.000     0.000     0.000     0.000     0.000     0.000     0.000     0.000     1.000     0.000     0.000     0.000     0.000     0.000     0.000     
3.970     0.000     0.078     0.082     0.001     0.003     0.039     0.000     0.000     0.000     0.000     0.000     0.000     0.005     0.001     0.001     0.001     0.002     0.008     0.002     0.000     0.000     0.000     0.000     0.000     0.000     0.000     0.000     0.000     0.000     0.000     0.000     0.000     0.001     0.016     0.000     0.013     0.015     0.000     0.000     0.000     0.000     0.000     0.000     1.000     0.000     0.000     0.000     0.000     0.000     0.000     0.000     0.000     0.000     0.000     0.000     0.000     0.010     0.000     0.000     0.000     0.000     0.000     
7.300     0.000     0.000     0.000     0.000     0.000     0.000     0.000     0.000     0.000     0.000     0.000     0.000     0.000     0.000     0.000     0.000     0.000     0.000     0.000     0.000     0.000     0.000     18.175    0.000     0.000     0.000     0.000     0.000     0.000     0.000     0.000     0.000     0.000     0.000     0.000     0.000     0.000     0.000     0.000     0.000     0.000     0.000     0.000     0.000     0.000     0.000     0.000     0.000     0.000     0.000     0.000     0.000     0.000     0.000     0.000     0.000     0.000     1.000     0.000     0.000     0.000     0.000     
1.000     0.000     0.000     0.000     0.000     0.000     0.000     0.000     0.000     0.000     23.550    0.000     0.000     0.000     0.000     0.000     0.000     0.000     0.000     0.000     0.000     0.000     0.000     0.000     35.000    53.400    0.000     19.700    40.100    20.150    0.000     0.000     13.740    0.000     0.000     12.810    0.000     0.000     0.000     0.000     0.000     0.000     0.000     0.000     0.000     0.000     0.000     0.000     0.000     0.000     0.000     0.000     0.000     0.000     0.000     0.000     0.000     0.000     0.000     1.000     0.000     0.000     0.000     
30.000    0.000     0.000     0.000     0.000     0.030     0.002     0.000     0.000     0.000     0.000     0.016     0.027     0.000     0.100     1.009     0.920     0.057     0.530     0.077     0.000     0.000     0.000     0.000     0.000     0.000     0.000     0.000     0.000     0.000     24.466    59.965    0.000     0.050     0.040     0.000     1.510     0.240     0.000     0.000     0.000     0.000     0.000     0.000     0.000     0.000     0.000     0.000     0.000     0.000     0.000     0.000     0.000     0.000     0.000     0.000     0.000     0.000     0.000     0.000     1.000     0.000     0.000     
0.051     0.000     0.000     0.000     0.000     0.000     0.000     0.000     0.000     0.000     0.000     0.000     0.000     0.000     0.000     0.000     0.000     0.000     0.000     0.000     0.000     0.000     0.000     0.000     0.000     0.000     88.150    0.000     0.000     0.000     0.000     0.000     0.000     0.000     0.000     0.000     0.000     0.000     0.000     0.000     0.000     0.000     0.000     0.000     0.000     0.000     0.000     0.000     0.000     0.000     0.000     0.000     0.000     0.000     0.000     0.000     0.000     0.000     0.000     0.000     0.000     1.000     0.000     
7940.300  100.000   81.240    81.090    76.500    75.950    72.550    59.960    61.360    65.090    47.010    60.380    64.850    71.440    70.220    63.700    62.820    68.490    66.440    71.440    61.250    64.550    27.650    42.770    0.000     0.010     11.850    0.000     0.000     0.000     55.090    40.040    27.420    78.720    83.930    45.930    68.250    71.740    0.000     0.000     0.000     0.000     0.000     0.000     0.000     64.090    0.000     0.000     0.000     0.000     0.000     0.000     0.000     0.000     0.000     0.000     0.000     0.000     0.000     0.000     0.000     0.000     1.000     
759.260   7.000     12.920    13.470    20.463    20.840    6.985     0.300     11.472    16.180    0.700     19.496    24.467    16.083    15.030    28.821    25.202    16.463    17.220    17.855    4.199     3.000     7.000     10.000    42.500    5.000     10.000    10.000    10.000    85.850    2.000     -1.000    -1.000    7.480     11.073    12.810    14.030    13.160    -100.000  -100.000  -100.000  0.000     0.000     0.000     0.000     33.860    0.000     0.000     0.000     0.000     0.000     1.000     0.000     1.000     1.000     1.000     0.000     1.000     0.000     0.000     0.000     0.000     0.000     

Tableau 6:
867.000   0.000     10.410    10.400    9.817     9.850     15.373    0.000     0.000     0.000     0.000     9.675     10.094    19.500    16.460    7.539     7.370     1.563     3.420     0.930     12.529    17.814    0.000     0.000     0.000     0.000     0.000     0.000     0.000     0.000     0.000     0.000     0.000     20.750    9.440     0.000     13.070    18.030    0.000     0.000     0.000     0.000     0.000     0.000     0.000     2.050     0.000     1.000     0.000     0.000     0.000     0.000     0.000     0.000     0.000     0.000     0.000     0.000     0.000     0.000     0.000     0.000     0.000     
0.210     0.000     0.000     0.000     0.000     0.000     0.000     0.000     0.000     0.000     0.000     0.000     0.000     0.000     0.000     0.000     0.000     0.000     0.000     0.000     0.000     0.000     0.000     0.000     0.000     0.000     0.000     46.000    0.000     0.000     0.000     0.000     0.000     0.000     0.000     0.000     0.000     0.000     100.000   0.000     0.000     0.000     0.000     0.000     0.000     0.000     0.000     0.000     1.000     0.000     0.000     0.000     0.000     0.000     0.000     0.000     0.000     0.000     0.000     0.000     0.000     0.000     0.000     
6.800     0.000     0.000     0.000     0.000     0.250     0.000     0.000     0.000     0.000     0.000     0.000     0.000     0.000     0.000     0.000     0.000     0.000     0.000     0.000     0.000     0.000     0.000     0.000     0.000     0.000     0.000     0.000     0.000     0.000     0.000     0.000     58.840    0.000     0.000     0.000     0.000     0.000     0.000     100.000   0.000     0.000     0.000     0.000     0.000     0.000     0.000     0.000     0.000     1.000     0.000     0.000     0.000     0.000     0.000     0.000     0.000     0.000     0.000     0.000     0.000     0.000     0.000     
1.220     0.000     0.004     0.000     0.001     0.000     0.079     0.400     0.200     0.217     0.294     0.001     0.000     0.000     0.000     0.000     0.001     0.087     0.086     0.093     0.165     0.176     0.000     0.391     0.000     0.000     0.000     0.000     0.000     0.000     0.204     0.000     0.000     0.000     0.005     0.000     0.014     0.005     0.000     0.000     1.000     0.000     0.000     0.000     0.000     0.000     0.000     0.000     0.000     0.000     0.010     0.000     0.000     0.000     0.000     0.000     0.000     0.000     0.000     0.000     0.000     0.000     0.000     
0.015     0.000     0.000     0.000     0.000     0.000     0.000     0.000     0.000     0.000     0.000     0.000     0.000     0.000     0.000     0.000     0.000     0.000     0.000     0.000     0.000     0.000     0.000     0.000     0.345     0.000     0.000     0.000     0.000     0.799     0.000     0.000     0.000     0.000     0.000     0.000     0.000     0.000     0.000     0.000     0.000     1.000     0.000     0.000     0.000     0.339     0.000     0.000     0.000     0.000     0.000     0.010     0.000     0.000     0.000     0.000     0.000     0.000     0.000     0.000     0.000     0.000     0.000     
266.000   0.000     0.050     0.040     0.098     0.080     0.199     0.000     12.553    0.000     0.000     20.331    10.524    0.080     3.190     7.914     13.043    12.712    11.260    6.378     9.494     0.000     72.348    0.000     30.499    46.591    0.000     34.300    0.000     0.000     0.000     0.000     0.000     0.160     2.230     33.450    9.210     2.380     0.000     0.000     0.000     0.000     0.000     0.000     0.000     0.000     0.000     0.000     0.000     0.000     0.000     0.000     1.000     0.000     0.000     0.000     0.000     0.000     0.000     0.000     0.000     0.000     0.000     
2.920     0.000     0.001     0.002     0.133     0.135     0.001     0.000     0.000     0.000     0.000     0.000     0.000     0.084     0.091     0.079     0.073     0.001     0.004     0.001     0.000     0.000     0.000     0.000     0.000     0.000     0.000     0.000     0.000     0.000     0.000     0.000     0.000     0.002     0.004     0.078     0.000     0.000     0.000     0.000     0.000     0.000     1.000     0.000     0.000     0.000     0.000     0.000     0.000     0.000     0.000     0.000     0.000     0.010     0.000     0.000     0.000     0.000     0.000     0.000     0.000     0.000     0.000     
0.640     0.000     0.000     0.000     0.000     0.000     0.000     0.000     0.061     0.132     0.000     0.094     0.144     0.001     0.008     0.118     0.082     0.081     0.080     0.115     0.000     0.000     0.000     0.000     0.000     0.000     0.000     0.000     0.000     0.000     0.000     0.000     0.000     0.000     0.019     0.000     0.052     0.057     0.000     0.000     0.000     0.000     0.000     1.000     0.000     0.000     0.000     0.000     0.000     0.000     0.000     0.000     0.000     0.000     0.010     0.000     0.000     0.000     0.000     0.000     0.000     0.000     0.000     
0.048     0.000     0.000     0.000     0.000     0.000     0.000     0.000     0.000     0.000     0.000     0.001     0.000     0.001     0.000     0.001     0.001     0.001     0.005     0.001     0.002     0.000     0.000     0.000     0.000     0.000     0.000     0.000     0.000     0.000     0.000     0.000     0.000     0.000     0.000     0.000     0.000     0.000     0.000     0.000     0.000     0.000     0.000     0.000     0.000     0.000     1.000     0.000     0.000     0.000     0.000     0.000     0.000     0.000     0.000     0.010     0.000     0.000     0.000     0.000     0.000     0.000     0.000     
0.080     0.000     0.000     0.000     0.000     0.000     0.000     0.000     0.000     0.000     0.000     0.000     0.000     0.000     0.000     0.000     0.000     0.000     0.000     0.000     0.000     0.000     0.000     0.000     0.000     0.000     0.000     0.000     59.900    0.000     0.000     0.000     0.000     0.000     0.000     0.000     0.000     0.000     0.000     0.000     0.000     0.000     0.000     0.000     0.000     0.000     0.000     0.000     0.000     0.000     0.000     0.000     0.000     0.000     0.000     0.000     1.000     0.000     0.000     0.000     0.000     0.000     0.000     
3.970     0.000     0.078     0.082     0.001     0.003     0.039     0.000     0.000     0.000     0.000     0.000     0.000     0.005     0.001     0.001     0.001     0.002     0.008     0.002     0.000     0.000     0.000     0.000     0.000     0.000     0.000     0.000     0.000     0.000     0.000     0.000     0.000     0.001     0.016     0.000     0.013     0.015     0.000     0.000     0.000     0.000     0.000     0.000     1.000     0.000     0.000     0.000     0.000     0.000     0.000     0.000     0.000     0.000     0.000     0.000     0.000     0.010     0.000     0.000     0.000     0.000     0.000     
7.300     0.000     0.000     0.000     0.000     0.000     0.000     0.000     0.000     0.000     0.000     0.000     0.000     0.000     0.000     0.000     0.000     0.000     0.000     0.000     0.000     0.000     0.000     18.175    0.000     0.000     0.000     0.000     0.000     0.000     0.000     0.000     0.000     0.000     0.000     0.000     0.000     0.000     0.000     0.000     0.000     0.000     0.000     0.000     0.000     0.000     0.000     0.000     0.000     0.000     0.000     0.000     0.000     0.000     0.000     0.000     0.000     0.000     1.000     0.000     0.000     0.000     0.000     
1.000     0.000     0.000     0.000     0.000     0.000     0.000     0.000     0.000     0.000     23.550    0.000     0.000     0.000     0.000     0.000     0.000     0.000     0.000     0.000     0.000     0.000     0.000     0.000     35.000    53.400    0.000     19.700    40.100    20.150    0.000     0.000     13.740    0.000     0.000     12.810    0.000     0.000     0.000     0.000     0.000     0.000     0.000     0.000     0.000     0.000     0.000     0.000     0.000     0.000     0.000     0.000     0.000     0.000     0.000     0.000     0.000     0.000     0.000     1.000     0.000     0.000     0.000     
30.000    0.000     0.000     0.000     0.000     0.030     0.002     0.000     0.000     0.000     0.000     0.016     0.027     0.000     0.100     1.009     0.920     0.057     0.530     0.077     0.000     0.000     0.000     0.000     0.000     0.000     0.000     0.000     0.000     0.000     24.466    59.965    0.000     0.050     0.040     0.000     1.510     0.240     0.000     0.000     0.000     0.000     0.000     0.000     0.000     0.000     0.000     0.000     0.000     0.000     0.000     0.000     0.000     0.000     0.000     0.000     0.000     0.000     0.000     0.000     1.000     0.000     0.000     
0.051     0.000     0.000     0.000     0.000     0.000     0.000     0.000     0.000     0.000     0.000     0.000     0.000     0.000     0.000     0.000     0.000     0.000     0.000     0.000     0.000     0.000     0.000     0.000     0.000     0.000     88.150    0.000     0.000     0.000     0.000     0.000     0.000     0.000     0.000     0.000     0.000     0.000     0.000     0.000     0.000     0.000     0.000     0.000     0.000     0.000     0.000     0.000     0.000     0.000     0.000     0.000     0.000     0.000     0.000     0.000     0.000     0.000     0.000     0.000     0.000     1.000     0.000     
7940.300  100.000   81.240    81.090    76.500    75.950    72.550    59.960    61.360    65.090    47.010    60.380    64.850    71.440    70.220    63.700    62.820    68.490    66.440    71.440    61.250    64.550    27.650    42.770    0.000     0.010     11.850    0.000     0.000     0.000     55.090    40.040    27.420    78.720    83.930    45.930    68.250    71.740    0.000     0.000     0.000     0.000     0.000     0.000     0.000     64.090    0.000     0.000     0.000     0.000     0.000     0.000     0.000     0.000     0.000     0.000     0.000     0.000     0.000     0.000     0.000     0.000     1.000     
881.260   7.000     13.300    13.470    20.585    20.840    14.876    40.344    31.491    37.910    30.140    19.602    24.505    16.083    15.030    28.836    25.345    25.180    25.850    27.180    20.725    20.639    7.000     49.058    42.500    5.000     10.000    10.000    10.000    85.850    22.440    -1.000    -1.000    7.520     11.563    12.810    15.460    13.610    -100.000  -100.000  0.000     0.000     0.000     0.000     0.000     33.860    0.000     0.000     0.000     0.000     1.000     1.000     0.000     1.000     1.000     1.000     0.000     1.000     0.000     0.000     0.000     0.000     0.000     

Tableau 7:
867.000   0.000     10.410    10.400    9.817     9.850     15.373    0.000     0.000     0.000     0.000     9.675     10.094    19.500    16.460    7.539     7.370     1.563     3.420     0.930     12.529    17.814    0.000     0.000     0.000     0.000     0.000     0.000     0.000     0.000     0.000     0.000     0.000     20.750    9.440     0.000     13.070    18.030    0.000     0.000     0.000     0.000     0.000     0.000     0.000     2.050     0.000     1.000     0.000     0.000     0.000     0.000     0.000     0.000     0.000     0.000     0.000     0.000     0.000     0.000     0.000     0.000     0.000     
0.210     0.000     0.000     0.000     0.000     0.000     0.000     0.000     0.000     0.000     0.000     0.000     0.000     0.000     0.000     0.000     0.000     0.000     0.000     0.000     0.000     0.000     0.000     0.000     0.000     0.000     0.000     46.000    0.000     0.000     0.000     0.000     0.000     0.000     0.000     0.000     0.000     0.000     100.000   0.000     0.000     0.000     0.000     0.000     0.000     0.000     0.000     0.000     1.000     0.000     0.000     0.000     0.000     0.000     0.000     0.000     0.000     0.000     0.000     0.000     0.000     0.000     0.000     
0.068     0.000     0.000     0.000     0.000     0.003     0.000     0.000     0.000     0.000     0.000     0.000     0.000     0.000     0.000     0.000     0.000     0.000     0.000     0.000     0.000     0.000     0.000     0.000     0.000     0.000     0.000     0.000     0.000     0.000     0.000     0.000     0.588     0.000     0.000     0.000     0.000     0.000     0.000     1.000     0.000     0.000     0.000     0.000     0.000     0.000     0.000     0.000     0.000     0.010     0.000     0.000     0.000     0.000     0.000     0.000     0.000     0.000     0.000     0.000     0.000     0.000     0.000     
1.220     0.000     0.004     0.000     0.001     0.000     0.079     0.400     0.200     0.217     0.294     0.001     0.000     0.000     0.000     0.000     0.001     0.087     0.086     0.093     0.165     0.176     0.000     0.391     0.000     0.000     0.000     0.000     0.000     0.000     0.204     0.000     0.000     0.000     0.005     0.000     0.014     0.005     0.000     0.000     1.000     0.000     0.000     0.000     0.000     0.000     0.000     0.000     0.000     0.000     0.010     0.000     0.000     0.000     0.000     0.000     0.000     0.000     0.000     0.000     0.000     0.000     0.000     
0.015     0.000     0.000     0.000     0.000     0.000     0.000     0.000     0.000     0.000     0.000     0.000     0.000     0.000     0.000     0.000     0.000     0.000     0.000     0.000     0.000     0.000     0.000     0.000     0.345     0.000     0.000     0.000     0.000     0.799     0.000     0.000     0.000     0.000     0.000     0.000     0.000     0.000     0.000     0.000     0.000     1.000     0.000     0.000     0.000     0.339     0.000     0.000     0.000     0.000     0.000     0.010     0.000     0.000     0.000     0.000     0.000     0.000     0.000     0.000     0.000     0.000     0.000     
266.000   0.000     0.050     0.040     0.098     0.080     0.199     0.000     12.553    0.000     0.000     20.331    10.524    0.080     3.190     7.914     13.043    12.712    11.260    6.378     9.494     0.000     72.348    0.000     30.499    46.591    0.000     34.300    0.000     0.000     0.000     0.000     0.000     0.160     2.230     33.450    9.210     2.380     0.000     0.000     0.000     0.000     0.000     0.000     0.000     0.000     0.000     0.000     0.000     0.000     0.000     0.000     1.000     0.000     0.000     0.000     0.000     0.000     0.000     0.000     0.000     0.000     0.000     
2.920     0.000     0.001     0.002     0.133     0.135     0.001     0.000     0.000     0.000     0.000     0.000     0.000     0.084     0.091     0.079     0.073     0.001     0.004     0.001     0.000     0.000     0.000     0.000     0.000     0.000     0.000     0.000     0.000     0.000     0.000     0.000     0.000     0.002     0.004     0.078     0.000     0.000     0.000     0.000     0.000     0.000     1.000     0.000     0.000     0.000     0.000     0.000     0.000     0.000     0.000     0.000     0.000     0.010     0.000     0.000     0.000     0.000     0.000     0.000     0.000     0.000     0.000     
0.640     0.000     0.000     0.000     0.000     0.000     0.000     0.000     0.061     0.132     0.000     0.094     0.144     0.001     0.008     0.118     0.082     0.081     0.080     0.115     0.000     0.000     0.000     0.000     0.000     0.000     0.000     0.000     0.000     0.000     0.000     0.000     0.000     0.000     0.019     0.000     0.052     0.057     0.000     0.000     0.000     0.000     0.000     1.000     0.000     0.000     0.000     0.000     0.000     0.000     0.000     0.000     0.000     0.000     0.010     0.000     0.000     0.000     0.000     0.000     0.000     0.000     0.000     
0.048     0.000     0.000     0.000     0.000     0.000     0.000     0.000     0.000     0.000     0.000     0.001     0.000     0.001     0.000     0.001     0.001     0.001     0.005     0.001     0.002     0.000     0.000     0.000     0.000     0.000     0.000     0.000     0.000     0.000     0.000     0.000     0.000     0.000     0.000     0.000     0.000     0.000     0.000     0.000     0.000     0.000     0.000     0.000     0.000     0.000     1.000     0.000     0.000     0.000     0.000     0.000     0.000     0.000     0.000     0.010     0.000     0.000     0.000     0.000     0.000     0.000     0.000     
0.080     0.000     0.000     0.000     0.000     0.000     0.000     0.000     0.000     0.000     0.000     0.000     0.000     0.000     0.000     0.000     0.000     0.000     0.000     0.000     0.000     0.000     0.000     0.000     0.000     0.000     0.000     0.000     59.900    0.000     0.000     0.000     0.000     0.000     0.000     0.000     0.000     0.000     0.000     0.000     0.000     0.000     0.000     0.000     0.000     0.000     0.000     0.000     0.000     0.000     0.000     0.000     0.000     0.000     0.000     0.000     1.000     0.000     0.000     0.000     0.000     0.000     0.000     
3.970     0.000     0.078     0.082     0.001     0.003     0.039     0.000     0.000     0.000     0.000     0.000     0.000     0.005     0.001     0.001     0.001     0.002     0.008     0.002     0.000     0.000     0.000     0.000     0.000     0.000     0.000     0.000     0.000     0.000     0.000     0.000     0.000     0.001     0.016     0.000     0.013     0.015     0.000     0.000     0.000     0.000     0.000     0.000     1.000     0.000     0.000     0.000     0.000     0.000     0.000     0.000     0.000     0.000     0.000     0.000     0.000     0.010     0.000     0.000     0.000     0.000     0.000     
7.300     0.000     0.000     0.000     0.000     0.000     0.000     0.000     0.000     0.000     0.000     0.000     0.000     0.000     0.000     0.000     0.000     0.000     0.000     0.000     0.000     0.000     0.000     18.175    0.000     0.000     0.000     0.000     0.000     0.000     0.000     0.000     0.000     0.000     0.000     0.000     0.000     0.000     0.000     0.000     0.000     0.000     0.000     0.000     0.000     0.000     0.000     0.000     0.000     0.000     0.000     0.000     0.000     0.000     0.000     0.000     0.000     0.000     1.000     0.000     0.000     0.000     0.000     
1.000     0.000     0.000     0.000     0.000     0.000     0.000     0.000     0.000     0.000     23.550    0.000     0.000     0.000     0.000     0.000     0.000     0.000     0.000     0.000     0.000     0.000     0.000     0.000     35.000    53.400    0.000     19.700    40.100    20.150    0.000     0.000     13.740    0.000     0.000     12.810    0.000     0.000     0.000     0.000     0.000     0.000     0.000     0.000     0.000     0.000     0.000     0.000     0.000     0.000     0.000     0.000     0.000     0.000     0.000     0.000     0.000     0.000     0.000     1.000     0.000     0.000     0.000     
30.000    0.000     0.000     0.000     0.000     0.030     0.002     0.000     0.000     0.000     0.000     0.016     0.027     0.000     0.100     1.009     0.920     0.057     0.530     0.077     0.000     0.000     0.000     0.000     0.000     0.000     0.000     0.000     0.000     0.000     24.466    59.965    0.000     0.050     0.040     0.000     1.510     0.240     0.000     0.000     0.000     0.000     0.000     0.000     0.000     0.000     0.000     0.000     0.000     0.000     0.000     0.000     0.000     0.000     0.000     0.000     0.000     0.000     0.000     0.000     1.000     0.000     0.000     
0.051     0.000     0.000     0.000     0.000     0.000     0.000     0.000     0.000     0.000     0.000     0.000     0.000     0.000     0.000     0.000     0.000     0.000     0.000     0.000     0.000     0.000     0.000     0.000     0.000     0.000     88.150    0.000     0.000     0.000     0.000     0.000     0.000     0.000     0.000     0.000     0.000     0.000     0.000     0.000     0.000     0.000     0.000     0.000     0.000     0.000     0.000     0.000     0.000     0.000     0.000     0.000     0.000     0.000     0.000     0.000     0.000     0.000     0.000     0.000     0.000     1.000     0.000     
7940.300  100.000   81.240    81.090    76.500    75.950    72.550    59.960    61.360    65.090    47.010    60.380    64.850    71.440    70.220    63.700    62.820    68.490    66.440    71.440    61.250    64.550    27.650    42.770    0.000     0.010     11.850    0.000     0.000     0.000     55.090    40.040    27.420    78.720    83.930    45.930    68.250    71.740    0.000     0.000     0.000     0.000     0.000     0.000     0.000     64.090    0.000     0.000     0.000     0.000     0.000     0.000     0.000     0.000     0.000     0.000     0.000     0.000     0.000     0.000     0.000     0.000     1.000     
888.060   7.000     13.300    13.470    20.585    21.090    14.876    40.344    31.491    37.910    30.140    19.602    24.505    16.083    15.030    28.836    25.345    25.180    25.850    27.180    20.725    20.639    7.000     49.058    42.500    5.000     10.000    10.000    10.000    85.850    22.440    -1.000    57.840    7.520     11.563    12.810    15.460    13.610    -100.000  0.000     0.000     0.000     0.000     0.000     0.000     33.860    0.000     0.000     0.000     1.000     1.000     1.000     0.000     1.000     1.000     1.000     0.000     1.000     0.000     0.000     0.000     0.000     0.000     

Tableau 8:
867.000   0.000     10.410    10.400    9.817     9.850     15.373    0.000     0.000     0.000     0.000     9.675     10.094    19.500    16.460    7.539     7.370     1.563     3.420     0.930     12.529    17.814    0.000     0.000     0.000     0.000     0.000     0.000     0.000     0.000     0.000     0.000     0.000     20.750    9.440     0.000     13.070    18.030    0.000     0.000     0.000     0.000     0.000     0.000     0.000     2.050     0.000     1.000     0.000     0.000     0.000     0.000     0.000     0.000     0.000     0.000     0.000     0.000     0.000     0.000     0.000     0.000     0.000     
0.002     0.000     0.000     0.000     0.000     0.000     0.000     0.000     0.000     0.000     0.000     0.000     0.000     0.000     0.000     0.000     0.000     0.000     0.000     0.000     0.000     0.000     0.000     0.000     0.000     0.000     0.000     0.460     0.000     0.000     0.000     0.000     0.000     0.000     0.000     0.000     0.000     0.000     1.000     0.000     0.000     0.000     0.000     0.000     0.000     0.000     0.000     0.000     0.010     0.000     0.000     0.000     0.000     0.000     0.000     0.000     0.000     0.000     0.000     0.000     0.000     0.000     0.000     
0.068     0.000     0.000     0.000     0.000     0.003     0.000     0.000     0.000     0.000     0.000     0.000     0.000     0.000     0.000     0.000     0.000     0.000     0.000     0.000     0.000     0.000     0.000     0.000     0.000     0.000     0.000     0.000     0.000     0.000     0.000     0.000     0.588     0.000     0.000     0.000     0.000     0.000     0.000     1.000     0.000     0.000     0.000     0.000     0.000     0.000     0.000     0.000     0.000     0.010     0.000     0.000     0.000     0.000     0.000     0.000     0.000     0.000     0.000     0.000     0.000     0.000     0.000     
1.220     0.000     0.004     0.000     0.001     0.000     0.079     0.400     0.200     0.217     0.294     0.001     0.000     0.000     0.000     0.000     0.001     0.087     0.086     0.093     0.165     0.176     0.000     0.391     0.000     0.000     0.000     0.000     0.000     0.000     0.204     0.000     0.000     0.000     0.005     0.000     0.014     0.005     0.000     0.000     1.000     0.000     0.000     0.000     0.000     0.000     0.000     0.000     0.000     0.000     0.010     0.000     0.000     0.000     0.000     0.000     0.000     0.000     0.000     0.000     0.000     0.000     0.000     
0.015     0.000     0.000     0.000     0.000     0.000     0.000     0.000     0.000     0.000     0.000     0.000     0.000     0.000     0.000     0.000     0.000     0.000     0.000     0.000     0.000     0.000     0.000     0.000     0.345     0.000     0.000     0.000     0.000     0.799     0.000     0.000     0.000     0.000     0.000     0.000     0.000     0.000     0.000     0.000     0.000     1.000     0.000     0.000     0.000     0.339     0.000     0.000     0.000     0.000     0.000     0.010     0.000     0.000     0.000     0.000     0.000     0.000     0.000     0.000     0.000     0.000     0.000     
266.000   0.000     0.050     0.040     0.098     0.080     0.199     0.000     12.553    0.000     0.000     20.331    10.524    0.080     3.190     7.914     13.043    12.712    11.260    6.378     9.494     0.000     72.348    0.000     30.499    46.591    0.000     34.300    0.000     0.000     0.000     0.000     0.000     0.160     2.230     33.450    9.210     2.380     0.000     0.000     0.000     0.000     0.000     0.000     0.000     0.000     0.000     0.000     0.000     0.000     0.000     0.000     1.000     0.000     0.000     0.000     0.000     0.000     0.000     0.000     0.000     0.000     0.000     
2.920     0.000     0.001     0.002     0.133     0.135     0.001     0.000     0.000     0.000     0.000     0.000     0.000     0.084     0.091     0.079     0.073     0.001     0.004     0.001     0.000     0.000     0.000     0.000     0.000     0.000     0.000     0.000     0.000     0.000     0.000     0.000     0.000     0.002     0.004     0.078     0.000     0.000     0.000     0.000     0.000     0.000     1.000     0.000     0.000     0.000     0.000     0.000     0.000     0.000     0.000     0.000     0.000     0.010     0.000     0.000     0.000     0.000     0.000     0.000     0.000     0.000     0.000     
0.640     0.000     0.000     0.000     0.000     0.000     0.000     0.000     0.061     0.132     0.000     0.094     0.144     0.001     0.008     0.118     0.082     0.081     0.080     0.115     0.000     0.000     0.000     0.000     0.000     0.000     0.000     0.000     0.000     0.000     0.000     0.000     0.000     0.000     0.019     0.000     0.052     0.057     0.000     0.000     0.000     0.000     0.000     1.000     0.000     0.000     0.000     0.000     0.000     0.000     0.000     0.000     0.000     0.000     0.010     0.000     0.000     0.000     0.000     0.000     0.000     0.000     0.000     
0.048     0.000     0.000     0.000     0.000     0.000     0.000     0.000     0.000     0.000     0.000     0.001     0.000     0.001     0.000     0.001     0.001     0.001     0.005     0.001     0.002     0.000     0.000     0.000     0.000     0.000     0.000     0.000     0.000     0.000     0.000     0.000     0.000     0.000     0.000     0.000     0.000     0.000     0.000     0.000     0.000     0.000     0.000     0.000     0.000     0.000     1.000     0.000     0.000     0.000     0.000     0.000     0.000     0.000     0.000     0.010     0.000     0.000     0.000     0.000     0.000     0.000     0.000     
0.080     0.000     0.000     0.000     0.000     0.000     0.000     0.000     0.000     0.000     0.000     0.000     0.000     0.000     0.000     0.000     0.000     0.000     0.000     0.000     0.000     0.000     0.000     0.000     0.000     0.000     0.000     0.000     59.900    0.000     0.000     0.000     0.000     0.000     0.000     0.000     0.000     0.000     0.000     0.000     0.000     0.000     0.000     0.000     0.000     0.000     0.000     0.000     0.000     0.000     0.000     0.000     0.000     0.000     0.000     0.000     1.000     0.000     0.000     0.000     0.000     0.000     0.000     
3.970     0.000     0.078     0.082     0.001     0.003     0.039     0.000     0.000     0.000     0.000     0.000     0.000     0.005     0.001     0.001     0.001     0.002     0.008     0.002     0.000     0.000     0.000     0.000     0.000     0.000     0.000     0.000     0.000     0.000     0.000     0.000     0.000     0.001     0.016     0.000     0.013     0.015     0.000     0.000     0.000     0.000     0.000     0.000     1.000     0.000     0.000     0.000     0.000     0.000     0.000     0.000     0.000     0.000     0.000     0.000     0.000     0.010     0.000     0.000     0.000     0.000     0.000     
7.300     0.000     0.000     0.000     0.000     0.000     0.000     0.000     0.000     0.000     0.000     0.000     0.000     0.000     0.000     0.000     0.000     0.000     0.000     0.000     0.000     0.000     0.000     18.175    0.000     0.000     0.000     0.000     0.000     0.000     0.000     0.000     0.000     0.000     0.000     0.000     0.000     0.000     0.000     0.000     0.000     0.000     0.000     0.000     0.000     0.000     0.000     0.000     0.000     0.000     0.000     0.000     0.000     0.000     0.000     0.000     0.000     0.000     1.000     0.000     0.000     0.000     0.000     
1.000     0.000     0.000     0.000     0.000     0.000     0.000     0.000     0.000     0.000     23.550    0.000     0.000     0.000     0.000     0.000     0.000     0.000     0.000     0.000     0.000     0.000     0.000     0.000     35.000    53.400    0.000     19.700    40.100    20.150    0.000     0.000     13.740    0.000     0.000     12.810    0.000     0.000     0.000     0.000     0.000     0.000     0.000     0.000     0.000     0.000     0.000     0.000     0.000     0.000     0.000     0.000     0.000     0.000     0.000     0.000     0.000     0.000     0.000     1.000     0.000     0.000     0.000     
30.000    0.000     0.000     0.000     0.000     0.030     0.002     0.000     0.000     0.000     0.000     0.016     0.027     0.000     0.100     1.009     0.920     0.057     0.530     0.077     0.000     0.000     0.000     0.000     0.000     0.000     0.000     0.000     0.000     0.000     24.466    59.965    0.000     0.050     0.040     0.000     1.510     0.240     0.000     0.000     0.000     0.000     0.000     0.000     0.000     0.000     0.000     0.000     0.000     0.000     0.000     0.000     0.000     0.000     0.000     0.000     0.000     0.000     0.000     0.000     1.000     0.000     0.000     
0.051     0.000     0.000     0.000     0.000     0.000     0.000     0.000     0.000     0.000     0.000     0.000     0.000     0.000     0.000     0.000     0.000     0.000     0.000     0.000     0.000     0.000     0.000     0.000     0.000     0.000     88.150    0.000     0.000     0.000     0.000     0.000     0.000     0.000     0.000     0.000     0.000     0.000     0.000     0.000     0.000     0.000     0.000     0.000     0.000     0.000     0.000     0.000     0.000     0.000     0.000     0.000     0.000     0.000     0.000     0.000     0.000     0.000     0.000     0.000     0.000     1.000     0.000     
7940.300  100.000   81.240    81.090    76.500    75.950    72.550    59.960    61.360    65.090    47.010    60.380    64.850    71.440    70.220    63.700    62.820    68.490    66.440    71.440    61.250    64.550    27.650    42.770    0.000     0.010     11.850    0.000     0.000     0.000     55.090    40.040    27.420    78.720    83.930    45.930    68.250    71.740    0.000     0.000     0.000     0.000     0.000     0.000     0.000     64.090    0.000     0.000     0.000     0.000     0.000     0.000     0.000     0.000     0.000     0.000     0.000     0.000     0.000     0.000     0.000     0.000     1.000     
888.270   7.000     13.300    13.470    20.585    21.090    14.876    40.344    31.491    37.910    30.140    19.602    24.505    16.083    15.030    28.836    25.345    25.180    25.850    27.180    20.725    20.639    7.000     49.058    42.500    5.000     10.000    56.000    10.000    85.850    22.440    -1.000    57.840    7.520     11.563    12.810    15.460    13.610    0.000     0.000     0.000     0.000     0.000     0.000     0.000     33.860    0.000     0.000     1.000     1.000     1.000     1.000     0.000     1.000     1.000     1.000     0.000     1.000     0.000     0.000     0.000     0.000     0.000     
Solution Vector:
          0.000     0.000     0.000     0.000     0.000     0.000     0.000     0.000     0.000     0.000     0.000     0.000     0.000     0.000     0.000     0.000     0.000     0.000     0.000     0.000     0.000     0.000     0.000     0.000     0.000     0.000     0.000     0.000     0.000     0.000     0.000     0.000     0.000     0.000     0.000     0.000     0.000     0.002     0.068     1.220     0.015     2.920     0.640     3.970     0.000     0.048     0.000     0.000     0.000     0.000     0.000     0.000     0.000     0.000     0.000     0.000     0.000     0.000     0.000     0.000     0.000     0.000     
Costs:   888.2700  
Solution:   OPT_DEG_CORNER
