
Tableau 0:
0.000     0.000     10.410    10.400    9.817     9.850     15.373    0.000     0.000     0.000     0.000     9.675     10.094    19.500    16.460    7.539     7.370     1.563     3.420     0.930     12.529    17.814    0.000     0.000     0.000     0.000     0.000     0.000     0.000     0.000     0.000     0.000     0.000     20.750    9.440     0.000     13.070    18.030    0.000     0.000     0.000     0.000     0.000     0.000     0.000     2.050     0.000     1.000     0.000     0.000     0.000     0.000     0.000     0.000     0.000     0.000     0.000     0.000     0.000     0.000     0.000     0.000     0.000     
4601.000  0.000     0.000     0.000     0.000     0.000     0.000     0.000     0.000     0.000     0.000     0.000     0.000     0.000     0.000     0.000     0.000     0.000     0.000     0.000     0.000     0.000     0.000     0.000     0.000     0.000     0.000     46.000    0.000     0.000     0.000     0.000     0.000     0.000     0.000     0.000     0.000     0.000     100.000   0.000     0.000     0.000     0.000     0.000     0.000     0.000     0.000     0.000     1.000     0.000     0.000     0.000     0.000     0.000     0.000     0.000     0.000     0.000     0.000     0.000     0.000     0.000     0.000     
0.000     0.000     0.000     0.000     0.000     0.250     0.000     0.000     0.000     0.000     0.000     0.000     0.000     0.000     0.000     0.000     0.000     0.000     0.000     0.000     0.000     0.000     0.000     0.000     0.000     0.000     0.000     0.000     0.000     0.000     0.000     0.000     58.840    0.000     0.000     0.000     0.000     0.000     0.000     100.000   0.000     0.000     0.000     0.000     0.000     0.000     0.000     0.000     0.000     1.000     0.000     0.000     0.000     0.000     0.000     0.000     0.000     0.000     0.000     0.000     0.000     0.000     0.000     
0.000     0.000     0.380     0.000     0.121     0.000     7.891     40.044    20.019    21.730    29.440    0.107     0.038     0.000     0.000     0.016     0.143     8.717     8.630     9.324     16.526    17.639    0.000     39.058    0.000     0.000     0.000     0.000     0.000     0.000     20.440    0.000     0.000     0.040     0.490     0.000     1.430     0.450     0.000     0.000     100.000   0.000     0.000     0.000     0.000     0.000     0.000     0.000     0.000     0.000     1.000     0.000     0.000     0.000     0.000     0.000     0.000     0.000     0.000     0.000     0.000     0.000     0.000     
0.000     0.000     0.000     0.000     0.000     0.000     0.000     0.000     0.000     0.000     0.000     0.000     0.000     0.000     0.000     0.000     0.000     0.000     0.000     0.000     0.000     0.000     0.000     0.000     34.500    0.000     0.000     0.000     0.000     79.850    0.000     0.000     0.000     0.000     0.000     0.000     0.000     0.000     0.000     0.000     0.000     100.000   0.000     0.000     0.000     33.860    0.000     0.000     0.000     0.000     0.000     1.000     0.000     0.000     0.000     0.000     0.000     0.000     0.000     0.000     0.000     0.000     0.000     
3430.000  0.000     0.050     0.040     0.098     0.080     0.199     0.000     12.553    0.000     0.000     20.331    10.524    0.080     3.190     7.914     13.043    12.712    11.260    6.378     9.494     0.000     72.348    0.000     30.499    46.591    0.000     34.300    0.000     0.000     0.000     0.000     0.000     0.160     2.230     33.450    9.210     2.380     0.000     0.000     0.000     0.000     0.000     0.000     0.000     0.000     0.000     0.000     0.000     0.000     0.000     0.000     1.000     0.000     0.000     0.000     0.000     0.000     0.000     0.000     0.000     0.000     0.000     
0.000     0.000     0.110     0.240     13.337    13.500    0.142     0.000     0.000     0.000     0.000     0.016     0.034     8.370     9.140     7.863     7.347     0.104     0.430     0.067     0.000     0.000     0.000     0.000     0.000     0.000     0.000     0.000     0.000     0.000     0.000     0.000     0.000     0.170     0.370     7.810     0.040     0.010     0.000     0.000     0.000     0.000     100.000   0.000     0.000     0.000     0.000     0.000     0.000     0.000     0.000     0.000     0.000     1.000     0.000     0.000     0.000     0.000     0.000     0.000     0.000     0.000     0.000     
0.000     0.000     0.010     0.020     0.000     0.000     -0.001    0.000     6.072     13.180    0.000     9.355     14.365    0.050     0.810     11.834    8.209     8.065     8.030     11.457    0.019     0.000     0.000     0.000     0.000     0.000     0.000     0.000     0.000     0.000     0.000     0.000     0.000     0.040     1.870     0.000     5.230     5.690     0.000     0.000     0.000     0.000     0.000     100.000   0.000     0.000     0.000     0.000     0.000     0.000     0.000     0.000     0.000     0.000     1.000     0.000     0.000     0.000     0.000     0.000     0.000     0.000     0.000     
0.000     0.000     0.000     0.000     0.000     0.030     -0.007    0.000     0.000     0.000     0.000     0.079     0.039     0.093     0.000     0.052     0.069     0.091     0.480     0.123     0.180     0.000     0.000     0.000     0.000     0.000     0.000     0.000     0.000     0.000     0.000     0.000     0.000     0.000     0.023     0.000     0.000     0.000     0.000     0.000     0.000     0.000     0.000     0.000     0.000     0.000     100.000   0.000     0.000     0.000     0.000     0.000     0.000     0.000     0.000     1.000     0.000     0.000     0.000     0.000     0.000     0.000     0.000     
0.000     0.000     0.000     0.000     0.000     0.000     0.000     0.000     0.000     0.000     0.000     0.000     0.000     0.000     0.000     0.000     0.000     0.000     0.000     0.000     0.000     0.000     0.000     0.000     0.000     0.000     0.000     0.000     59.900    0.000     0.000     0.000     0.000     0.000     0.000     0.000     0.000     0.000     0.000     0.000     0.000     0.000     0.000     0.000     0.000     0.000     0.000     0.000     0.000     0.000     0.000     0.000     0.000     0.000     0.000     0.000     1.000     0.000     0.000     0.000     0.000     0.000     0.000     
0.000     0.000     7.800     8.210     0.126     0.310     3.851     0.000     0.000     0.000     0.000     0.046     0.029     0.470     0.080     0.072     0.077     0.204     0.780     0.208     0.000     0.000     0.000     0.000     0.000     0.000     0.000     0.000     0.000     0.000     0.000     0.000     0.000     0.070     1.610     0.000     1.260     1.460     0.000     0.000     0.000     0.000     0.000     0.000     100.000   0.000     0.000     0.000     0.000     0.000     0.000     0.000     0.000     0.000     0.000     0.000     0.000     1.000     0.000     0.000     0.000     0.000     0.000     
0.000     0.000     0.000     0.000     0.000     0.000     0.000     0.000     0.000     0.000     0.000     0.000     0.000     0.000     0.000     0.000     0.000     0.000     0.000     0.000     0.000     0.000     0.000     18.175    0.000     0.000     0.000     0.000     0.000     0.000     0.000     0.000     0.000     0.000     0.000     0.000     0.000     0.000     0.000     0.000     0.000     0.000     0.000     0.000     0.000     0.000     0.000     0.000     0.000     0.000     0.000     0.000     0.000     0.000     0.000     0.000     0.000     0.000     1.000     0.000     0.000     0.000     0.000     
1969.000  0.000     0.000     0.000     0.000     0.000     0.000     0.000     0.000     0.000     23.550    0.000     0.000     0.000     0.000     0.000     0.000     0.000     0.000     0.000     0.000     0.000     0.000     0.000     35.000    53.400    0.000     19.700    40.100    20.150    0.000     0.000     13.740    0.000     0.000     12.810    0.000     0.000     0.000     0.000     0.000     0.000     0.000     0.000     0.000     0.000     0.000     0.000     0.000     0.000     0.000     0.000     0.000     0.000     0.000     0.000     0.000     0.000     0.000     1.000     0.000     0.000     0.000     
0.000     0.000     0.000     0.000     0.000     0.030     0.002     0.000     0.000     0.000     0.000     0.016     0.027     0.000     0.100     1.009     0.920     0.057     0.530     0.077     0.000     0.000     0.000     0.000     0.000     0.000     0.000     0.000     0.000     0.000     24.466    59.965    0.000     0.050     0.040     0.000     1.510     0.240     0.000     0.000     0.000     0.000     0.000     0.000     0.000     0.000     0.000     0.000     0.000     0.000     0.000     0.000     0.000     0.000     0.000     0.000     0.000     0.000     0.000     0.000     1.000     0.000     0.000     
0.000     0.000     0.000     0.000     0.000     0.000     0.000     0.000     0.000     0.000     0.000     0.000     0.000     0.000     0.000     0.000     0.000     0.000     0.000     0.000     0.000     0.000     0.000     0.000     0.000     0.000     88.150    0.000     0.000     0.000     0.000     0.000     0.000     0.000     0.000     0.000     0.000     0.000     0.000     0.000     0.000     0.000     0.000     0.000     0.000     0.000     0.000     0.000     0.000     0.000     0.000     0.000     0.000     0.000     0.000     0.000     0.000     0.000     0.000     0.000     0.000     1.000     0.000     
0.000     100.000   81.240    81.090    76.500    75.950    72.550    59.960    61.360    65.090    47.010    60.380    64.850    71.440    70.220    63.700    62.820    68.490    66.440    71.440    61.250    64.550    27.650    42.770    0.000     0.010     11.850    0.000     0.000     0.000     55.090    40.040    27.420    78.720    83.930    45.930    68.250    71.740    0.000     0.000     0.000     0.000     0.000     0.000     0.000     64.090    0.000     0.000     0.000     0.000     0.000     0.000     0.000     0.000     0.000     0.000     0.000     0.000     0.000     0.000     0.000     0.000     1.000     
0.000     -7.000    -5.000    -5.000    -7.000    -7.000    -3.000    -0.300    -5.400    -3.000    -0.700    -10.000   -10.000   -7.100    -5.000    -9.000    -9.500    -8.000    -7.500    -6.000    -4.000    -3.000    -7.000    -10.000   -8.000    -5.000    -10.000   -10.000   -10.000   -6.000    -2.000    1.000     1.000     -7.200    -7.200    -5.000    -7.500    -6.000    100.000   100.000   100.000   100.000   100.000   100.000   100.000   0.000     100.000   0.000     0.000     0.000     0.000     0.000     0.000     0.000     0.000     0.000     0.000     0.000     0.000     0.000     0.000     0.000     0.000     

Tableau 1:
0.000     0.000     10.410    10.400    9.817     9.850     15.373    0.000     0.000     0.000     0.000     9.675     10.094    19.500    16.460    7.539     7.370     1.563     3.420     0.930     12.529    17.814    0.000     0.000     0.000     0.000     0.000     0.000     0.000     0.000     0.000     0.000     0.000     20.750    9.440     0.000     13.070    18.030    0.000     0.000     0.000     0.000     0.000     0.000     0.000     2.050     0.000     1.000     0.000     0.000     0.000     0.000     0.000     0.000     0.000     0.000     0.000     0.000     0.000     0.000     0.000     0.000     0.000     
4601.000  0.000     0.000     0.000     0.000     0.000     0.000     0.000     0.000     0.000     0.000     0.000     0.000     0.000     0.000     0.000     0.000     0.000     0.000     0.000     0.000     0.000     0.000     0.000     0.000     0.000     0.000     46.000    0.000     0.000     0.000     0.000     0.000     0.000     0.000     0.000     0.000     0.000     100.000   0.000     0.000     0.000     0.000     0.000     0.000     0.000     0.000     0.000     1.000     0.000     0.000     0.000     0.000     0.000     0.000     0.000     0.000     0.000     0.000     0.000     0.000     0.000     0.000     
0.000     0.000     0.000     0.000     0.000     0.250     0.000     0.000     0.000     0.000     0.000     0.000     0.000     0.000     0.000     0.000     0.000     0.000     0.000     0.000     0.000     0.000     0.000     0.000     0.000     0.000     0.000     0.000     0.000     0.000     0.000     0.000     58.840    0.000     0.000     0.000     0.000     0.000     0.000     100.000   0.000     0.000     0.000     0.000     0.000     0.000     0.000     0.000     0.000     1.000     0.000     0.000     0.000     0.000     0.000     0.000     0.000     0.000     0.000     0.000     0.000     0.000     0.000     
0.000     0.000     0.380     0.000     0.121     0.000     7.891     40.044    20.019    21.730    29.440    0.107     0.038     0.000     0.000     0.016     0.143     8.717     8.630     9.324     16.526    17.639    0.000     39.058    0.000     0.000     0.000     0.000     0.000     0.000     20.440    0.000     0.000     0.040     0.490     0.000     1.430     0.450     0.000     0.000     100.000   0.000     0.000     0.000     0.000     0.000     0.000     0.000     0.000     0.000     1.000     0.000     0.000     0.000     0.000     0.000     0.000     0.000     0.000     0.000     0.000     0.000     0.000     
0.000     0.000     0.000     0.000     0.000     0.000     0.000     0.000     0.000     0.000     0.000     0.000     0.000     0.000     0.000     0.000     0.000     0.000     0.000     0.000     0.000     0.000     0.000     0.000     34.500    0.000     0.000     0.000     0.000     79.850    0.000     0.000     0.000     0.000     0.000     0.000     0.000     0.000     0.000     0.000     0.000     100.000   0.000     0.000     0.000     33.860    0.000     0.000     0.000     0.000     0.000     1.000     0.000     0.000     0.000     0.000     0.000     0.000     0.000     0.000     0.000     0.000     0.000     
3430.000  0.000     0.050     0.040     0.098     0.080     0.199     0.000     12.553    0.000     0.000     20.331    10.524    0.080     3.190     7.914     13.043    12.712    11.260    6.378     9.494     0.000     72.348    0.000     30.499    46.591    0.000     34.300    0.000     0.000     0.000     0.000     0.000     0.160     2.230     33.450    9.210     2.380     0.000     0.000     0.000     0.000     0.000     0.000     0.000     0.000     0.000     0.000     0.000     0.000     0.000     0.000     1.000     0.000     0.000     0.000     0.000     0.000     0.000     0.000     0.000     0.000     0.000     
0.000     0.000     0.110     0.240     13.337    13.500    0.142     0.000     0.000     0.000     0.000     0.016     0.034     8.370     9.140     7.863     7.347     0.104     0.430     0.067     0.000     0.000     0.000     0.000     0.000     0.000     0.000     0.000     0.000     0.000     0.000     0.000     0.000     0.170     0.370     7.810     0.040     0.010     0.000     0.000     0.000     0.000     100.000   0.000     0.000     0.000     0.000     0.000     0.000     0.000     0.000     0.000     0.000     1.000     0.000     0.000     0.000     0.000     0.000     0.000     0.000     0.000     0.000     
0.000     0.000     0.010     0.020     0.000     0.000     -0.001    0.000     6.072     13.180    0.000     9.355     14.365    0.050     0.810     11.834    8.209     8.065     8.030     11.457    0.019     0.000     0.000     0.000     0.000     0.000     0.000     0.000     0.000     0.000     0.000     0.000     0.000     0.040     1.870     0.000     5.230     5.690     0.000     0.000     0.000     0.000     0.000     100.000   0.000     0.000     0.000     0.000     0.000     0.000     0.000     0.000     0.000     0.000     1.000     0.000     0.000     0.000     0.000     0.000     0.000     0.000     0.000     
0.000     0.000     0.000     0.000     0.000     0.030     -0.007    0.000     0.000     0.000     0.000     0.079     0.039     0.093     0.000     0.052     0.069     0.091     0.480     0.123     0.180     0.000     0.000     0.000     0.000     0.000     0.000     0.000     0.000     0.000     0.000     0.000     0.000     0.000     0.023     0.000     0.000     0.000     0.000     0.000     0.000     0.000     0.000     0.000     0.000     0.000     100.000   0.000     0.000     0.000     0.000     0.000     0.000     0.000     0.000     1.000     0.000     0.000     0.000     0.000     0.000     0.000     0.000     
0.000     0.000     0.000     0.000     0.000     0.000     0.000     0.000     0.000     0.000     0.000     0.000     0.000     0.000     0.000     0.000     0.000     0.000     0.000     0.000     0.000     0.000     0.000     0.000     0.000     0.000     0.000     0.000     1.000     0.000     0.000     0.000     0.000     0.000     0.000     0.000     0.000     0.000     0.000     0.000     0.000     0.000     0.000     0.000     0.000     0.000     0.000     0.000     0.000     0.000     0.000     0.000     0.000     0.000     0.000     0.000     0.017     0.000     0.000     0.000     0.000     0.000     0.000     
0.000     0.000     7.800     8.210     0.126     0.310     3.851     0.000     0.000     0.000     0.000     0.046     0.029     0.470     0.080     0.072     0.077     0.204     0.780     0.208     0.000     0.000     0.000     0.000     0.000     0.000     0.000     0.000     0.000     0.000     0.000     0.000     0.000     0.070     1.610     0.000     1.260     1.460     0.000     0.000     0.000     0.000     0.000     0.000     100.000   0.000     0.000     0.000     0.000     0.000     0.000     0.000     0.000     0.000     0.000     0.000     0.000     1.000     0.000     0.000     0.000     0.000     0.000     
0.000     0.000     0.000     0.000     0.000     0.000     0.000     0.000     0.000     0.000     0.000     0.000     0.000     0.000     0.000     0.000     0.000     0.000     0.000     0.000     0.000     0.000     0.000     18.175    0.000     0.000     0.000     0.000     0.000     0.000     0.000     0.000     0.000     0.000     0.000     0.000     0.000     0.000     0.000     0.000     0.000     0.000     0.000     0.000     0.000     0.000     0.000     0.000     0.000     0.000     0.000     0.000     0.000     0.000     0.000     0.000     0.000     0.000     1.000     0.000     0.000     0.000     0.000     
1969.000  0.000     0.000     0.000     0.000     0.000     0.000     0.000     0.000     0.000     23.550    0.000     0.000     0.000     0.000     0.000     0.000     0.000     0.000     0.000     0.000     0.000     0.000     0.000     35.000    53.400    0.000     19.700    0.000     20.150    0.000     0.000     13.740    0.000     0.000     12.810    0.000     0.000     0.000     0.000     0.000     0.000     0.000     0.000     0.000     0.000     0.000     0.000     0.000     0.000     0.000     0.000     0.000     0.000     0.000     0.000     -0.669    0.000     0.000     1.000     0.000     0.000     0.000     
0.000     0.000     0.000     0.000     0.000     0.030     0.002     0.000     0.000     0.000     0.000     0.016     0.027     0.000     0.100     1.009     0.920     0.057     0.530     0.077     0.000     0.000     0.000     0.000     0.000     0.000     0.000     0.000     0.000     0.000     24.466    59.965    0.000     0.050     0.040     0.000     1.510     0.240     0.000     0.000     0.000     0.000     0.000     0.000     0.000     0.000     0.000     0.000     0.000     0.000     0.000     0.000     0.000     0.000     0.000     0.000     0.000     0.000     0.000     0.000     1.000     0.000     0.000     
0.000     0.000     0.000     0.000     0.000     0.000     0.000     0.000     0.000     0.000     0.000     0.000     0.000     0.000     0.000     0.000     0.000     0.000     0.000     0.000     0.000     0.000     0.000     0.000     0.000     0.000     88.150    0.000     0.000     0.000     0.000     0.000     0.000     0.000     0.000     0.000     0.000     0.000     0.000     0.000     0.000     0.000     0.000     0.000     0.000     0.000     0.000     0.000     0.000     0.000     0.000     0.000     0.000     0.000     0.000     0.000     0.000     0.000     0.000     0.000     0.000     1.000     0.000     
0.000     100.000   81.240    81.090    76.500    75.950    72.550    59.960    61.360    65.090    47.010    60.380    64.850    71.440    70.220    63.700    62.820    68.490    66.440    71.440    61.250    64.550    27.650    42.770    0.000     0.010     11.850    0.000     0.000     0.000     55.090    40.040    27.420    78.720    83.930    45.930    68.250    71.740    0.000     0.000     0.000     0.000     0.000     0.000     0.000     64.090    0.000     0.000     0.000     0.000     0.000     0.000     0.000     0.000     0.000     0.000     0.000     0.000     0.000     0.000     0.000     0.000     1.000     
0.000     -7.000    -5.000    -5.000    -7.000    -7.000    -3.000    -0.300    -5.400    -3.000    -0.700    -10.000   -10.000   -7.100    -5.000    -9.000    -9.500    -8.000    -7.500    -6.000    -4.000    -3.000    -7.000    -10.000   -8.000    -5.000    -10.000   -10.000   0.000     -6.000    -2.000    1.000     1.000     -7.200    -7.200    -5.000    -7.500    -6.000    100.000   100.000   100.000   100.000   100.000   100.000   100.000   0.000     100.000   0.000     0.000     0.000     0.000     0.000     0.000     0.000     0.000     0.000     0.167     0.000     0.000     0.000     0.000     0.000     0.000     
Solution Vector:
          0.000     0.000     0.000     0.000     0.000     0.000     0.000     0.000     0.000     0.000     0.000     0.000     0.000     0.000     0.000     0.000     0.000     0.000     0.000     0.000     0.000     0.000     0.000     0.000     0.000     0.000     0.000     0.000     0.000     0.000     0.000     0.000     0.000     0.000     0.000     0.000     0.000     0.000     0.000     0.000     0.000     0.000     0.000     0.000     0.000     0.000     0.000     4601.000  0.000     0.000     0.000     3430.000  0.000     0.000     0.000     0.000     0.000     0.000     1969.000  0.000     0.000     0.000     
Costs:   0.0000    
Solution:   OPT_DEG_CORNER
