
ID: Quartz (Qz)

cn: 0, 0, 0, 0, 10000, 
c: -7, -5, -5, -7, -7, -3, -0.3, -5.7, -3, -1.3, -10, -10, -7, -4, -9, -9, -8, -7.5, -6, -4, -3, -7, -10, -8, -5, -10, -10, -10, -6, -2, 1, 1, -7.1, -7.2, -5, -7.5, -6, 0, 100, 100, 100, 100, 


successful completion 1

target function value: -1000.08176310029
Values: {0.00,0.00,0.00,0.00,0.00,0.00,0.00,0.00,0.00,0.00,0.00,0.00,0.00,0.00,0.00,0.00,0.00,0.00,0.00,0.00,0.00,0.00,0.00,0.00,0.00,0.00,100.00,0.00,0.00,0.00,0.00,0.00,0.00,0.00,0.00,0.00,0.00,0.00,0.00,0.00,0.00,0.00}
dual variables: 0, -5.58783724060684, -24.142642866541, 0, -0.1, 
primal feasibility error: 0
iteration count: 3
array[N+M], statuses of box (N) and linear (M) constraints: stats: -1, -1, -1, -1, -1, -1, -1, -1, -1, -1, 0, 0, -1, -1, -1, -1, -1, -1, -1, -1, -1, -1, -1, -1, -1, -1, 0, -1, -1, -1, -1, -1, -1, -1, -1, -1, -1, -1, -1, -1, -1, -1, 0, -1, -1, 0, -1, 

---------------------------------


ID: K-feldspar (Kf)

cn: 969, 0, 1405, 0, 7626, 
c: -7, -5, -5, -7, -7, -3, -0.3, -5.7, -3, -1.3, -10, -10, -7, -4, -9, -9, -8, -7.5, -6, -4, -3, -7, -10, -8, -5, -10, -10, -10, -6, -2, 1, 1, -7.1, -7.2, -5, -7.5, -6, 0, 100, 100, 100, 100, 


successful completion 1

target function value: 1314.28366583115
Values: {0.00,0.00,0.00,0.00,0.00,0.00,0.00,0.00,0.00,0.00,0.00,0.00,0.00,0.00,0.00,0.00,0.00,0.00,0.00,0.00,0.00,0.00,0.00,0.00,0.00,0.00,0.00,0.00,0.00,0.00,0.00,0.00,0.00,0.00,82.72,0.00,0.00,0.00,9.69,0.00,7.59,0.00}
dual variables: 1, -15.6486408101364, 1, -240.913439635535, -0.138952164009112, 
primal feasibility error: 0
iteration count: 13
array[N+M], statuses of box (N) and linear (M) constraints: stats: -1, -1, -1, -1, -1, -1, -1, -1, -1, -1, -1, 0, -1, 0, -1, -1, -1, -1, -1, -1, -1, -1, -1, -1, -1, -1, -1, -1, -1, -1, -1, -1, -1, -1, 0, -1, -1, -1, 0, -1, 0, -1, -1, -1, -1, -1, -1, 

---------------------------------


ID: Anorthite (Pl)

cn: 1695, 2518, 0, 0, 5787, 
c: -7, -5, -5, -7, -7, -3, -0.3, -5.7, -3, -1.3, -10, -10, -7, -4, -9, -9, -8, -7.5, -6, -4, -3, -7, -10, -8, -5, -10, -10, -10, -6, -2, 1, 1, -7.1, -7.2, -5, -7.5, -6, 0, 100, 100, 100, 100, 


successful completion 1

target function value: 232.350801760649
Values: {0.00,0.00,0.00,0.00,0.00,0.00,0.00,0.00,0.00,0.00,0.00,0.00,0.00,0.00,0.00,0.00,0.00,0.00,0.00,0.00,50.19,0.00,41.80,0.00,0.00,0.00,0.00,0.00,0.00,0.00,0.00,0.00,0.00,0.00,0.00,0.00,0.00,0.00,8.01,0.00,0.00,0.00}
dual variables: 1, 0.430765552055138, 0, 0, -0.44016984993595, 
primal feasibility error: 0
iteration count: 4
array[N+M], statuses of box (N) and linear (M) constraints: stats: -1, -1, -1, -1, -1, -1, -1, -1, -1, -1, -1, -1, -1, -1, -1, -1, -1, -1, -1, -1, 0, -1, 0, -1, -1, -1, -1, -1, -1, -1, -1, -1, -1, -1, -1, -1, -1, -1, 0, -1, -1, -1, -1, -1, 0, 0, -1, 

---------------------------------


ID: Muscovite (Ms)

cn: 2032, 0, 982, 0, 6986, 
c: -7, -5, -5, -7, -7, -3, -0.3, -5.7, -3, -1.3, -10, -10, -7, -4, -9, -9, -8, -7.5, -6, -4, -3, -7, -10, -8, -5, -10, -10, -10, -6, -2, 1, 1, -7.1, -7.2, -5, -7.5, -6, 0, 100, 100, 100, 100, 


successful completion 1

target function value: 2043.21359501893
Values: {0.00,0.00,0.00,0.00,0.00,0.00,0.00,0.00,0.00,0.00,0.00,0.00,0.00,0.00,0.00,0.00,0.00,0.00,0.00,0.00,0.00,0.00,0.00,0.00,0.00,0.00,0.00,0.00,0.00,0.00,0.00,0.00,0.00,0.00,75.78,0.00,0.00,0.00,20.32,0.00,3.90,0.00}
dual variables: 1, -0.671523752785036, 1, -260.184337692264, -0.138952164009112, 
primal feasibility error: 0
iteration count: 11
array[N+M], statuses of box (N) and linear (M) constraints: stats: -1, -1, -1, -1, -1, -1, -1, -1, -1, -1, -1, 0, -1, -1, -1, -1, -1, -1, -1, -1, 0, -1, -1, -1, -1, -1, -1, -1, -1, -1, -1, -1, -1, -1, 0, -1, -1, -1, 0, -1, 0, -1, -1, -1, -1, -1, -1, 

---------------------------------


ID: Clinozoisite (Cz)

cn: 1782, 1764, 0, 0, 6454, 
c: -7, -5, -5, -7, -7, -3, -0.3, -5.7, -3, -1.3, -10, -10, -7, -4, -9, -9, -8, -7.5, -6, -4, -3, -7, -10, -8, -5, -10, -10, -10, -6, -2, 1, 1, -7.1, -7.2, -5, -7.5, -6, 0, 100, 100, 100, 100, 


successful completion 1

target function value: -299.038766854094
Values: {0.00,0.00,0.00,0.00,0.00,0.00,0.00,0.00,0.00,0.00,0.00,0.00,0.00,0.00,0.00,0.00,0.00,0.00,0.00,0.00,99.97,0.00,0.02,0.00,0.00,0.00,0.00,0.00,0.00,0.00,0.00,0.00,0.00,0.00,0.00,0.00,0.00,0.00,0.01,0.00,0.00,0.00}
dual variables: 1, 0.430765552055138, 0.54630483230707, 1, -0.44016984993595, 
primal feasibility error: 0
iteration count: 12
array[N+M], statuses of box (N) and linear (M) constraints: stats: -1, -1, -1, -1, -1, -1, -1, -1, -1, -1, -1, -1, 0, -1, -1, -1, -1, -1, -1, -1, 0, -1, 0, -1, -1, -1, -1, -1, -1, -1, -1, -1, -1, -1, -1, -1, -1, -1, 0, -1, -1, 0, -1, -1, -1, -1, -1, 

---------------------------------


ID: Albite

cn: 1029, 0, 0, 877, 8094, 
c: -7, -5, -5, -7, -7, -3, -0.3, -5.7, -3, -1.3, -10, -10, -7, -4, -9, -9, -8, -7.5, -6, -4, -3, -7, -10, -8, -5, -10, -10, -10, -6, -2, 1, 1, -7.1, -7.2, -5, -7.5, -6, 0, 100, 100, 100, 100, 


successful completion 1

target function value: 1096.52145871232
Values: {0.00,0.00,0.00,0.00,0.00,0.00,0.00,0.00,0.00,0.00,0.00,0.00,0.00,0.00,0.00,0.00,0.00,0.00,0.00,0.00,0.00,0.00,0.00,0.00,0.00,0.00,80.94,0.00,0.00,0.00,0.00,0.00,0.00,0.00,0.00,0.00,0.00,0.00,10.29,0.00,0.00,8.77}
dual variables: 1, -60.4662096466754, -264.56907153195, 1, -0.1, 
primal feasibility error: 0
iteration count: 5
array[N+M], statuses of box (N) and linear (M) constraints: stats: -1, -1, -1, -1, -1, -1, -1, -1, -1, -1, 0, 0, -1, -1, -1, -1, -1, -1, -1, -1, -1, -1, -1, -1, -1, -1, 0, -1, -1, -1, -1, -1, -1, -1, -1, -1, -1, -1, 0, -1, -1, 0, -1, -1, -1, -1, -1, 

---------------------------------


ID: gran33

cn: 676.29, 25.18, 463.65, 289.41, 8545.47, 
c: -7, -5, -5, -7, -7, -3, -0.3, -5.7, -3, -1.3, -10, -10, -7, -4, -9, -9, -8, -7.5, -6, -4, -3, -7, -10, -8, -5, -10, -10, -10, -6, -2, 1, 1, -7.1, -7.2, -5, -7.5, -6, 0, 100, 100, 100, 100, 


successful completion 1

target function value: -725.208659927017
Values: {0.00,0.00,33.06,0.00,33.76,0.00,0.00,0.00,0.00,0.00,0.00,0.00,0.00,0.00,0.00,0.00,0.00,0.00,0.00,0.00,0.00,0.00,0.64,0.00,0.00,0.00,32.47,0.00,0.00,0.00,0.00,0.00,0.00,0.00,0.00,0.00,0.00,0.00,0.00,0.00,0.00,0.08}
dual variables: -0.498857254629227, -0.1, 0.387981033933177, 1, -0.1, 
primal feasibility error: 0
iteration count: 7
array[N+M], statuses of box (N) and linear (M) constraints: stats: -1, -1, 0, -1, 0, -1, -1, -1, -1, -1, -1, -1, -1, -1, -1, -1, -1, -1, -1, -1, -1, -1, 0, -1, -1, -1, 0, -1, -1, -1, -1, -1, -1, -1, -1, -1, -1, -1, -1, -1, -1, 0, -1, -1, -1, -1, -1, 

---------------------------------

