
ID: AX02356

cn: 793, 0.07, 2.7, 33, 5.15, 151, 184, 20, 5.99, 0.09, 439, 7.2, 2, 22, 0.06, 8334.74, 
c: -7, -5, -5, -7, -7, -3, -0.3, -5.7, -3, -1.3, -10, -10, -7, -4, -9, -9, -8, -7.5, -6, -4, -3, -7, -10, -8, -5, -10, -10, -10, -6, -2, 1, 1, -7.1, -7.2, -5, -7.5, -6, 0, 100, 100, 100, 100, 100, 100, 100, 100, 


successful completion 1

target function value: -592.010490570963
Values: {26.87,0.00,52.73,0.00,8.04,0.00,0.00,0.00,0.00,0.00,1.99,0.00,7.50,0.00,0.00,0.00,0.00,0.00,0.00,0.00,0.00,1.48,0.40,0.02,0.00,0.00,0.00,0.00,0.06,0.85,0.02,0.01,0.00,0.00,0.00,0.00,0.00,0.00,0.00,0.00,0.00,0.00,0.00,0.00,0.05,0.00}
dual variables: -0.0781152569388368, -0.111892846844263, 0.0786799313638569, 0.0149305584269977, -0.043732779252944, -0.07, -0.0753581118585767, -0.393709020312879, 1, -0.0836229971178085, 0.184830548040952, -0.417571673121222, -0.124463403307812, 0.0634112734889479, -0.10403289846852, -0.07, 
primal feasibility error: 0
iteration count: 26
array[N+M], statuses of box (N) and linear (M) constraints: stats: 0, -1, 0, -1, 0, -1, -1, -1, -1, -1, 0, -1, 0, -1, -1, -1, -1, -1, -1, -1, -1, 0, 0, 0, -1, 0, 0, 0, 0, 0, 0, 0, -1, -1, -1, -1, -1, -1, -1, -1, -1, -1, -1, -1, 0, -1, -1, -1, -1, -1, -1, -1, -1, -1, -1, -1, -1, -1, -1, -1, -1, -1, 

---------------------------------


ID: AX02364

cn: 733, 0.05, 1.1, 30, 3.92, 148, 89, 13, 5.57, 0.04, 530, 6, 1, 18, 0.075, 8421.245, 
c: -7, -5, -5, -7, -7, -3, -0.3, -5.7, -3, -1.3, -10, -10, -7, -4, -9, -9, -8, -7.5, -6, -4, -3, -7, -10, -8, -5, -10, -10, -10, -6, -2, 1, 1, -7.1, -7.2, -5, -7.5, -6, 0, 100, 100, 100, 100, 100, 100, 100, 100, 


successful completion 1

target function value: -566.24661763292
Values: {26.13,0.00,64.34,0.99,4.40,0.00,0.00,0.00,0.00,0.00,0.94,0.00,0.00,0.00,0.00,0.12,0.00,0.25,0.00,0.00,0.00,1.68,0.33,0.00,0.00,0.00,0.00,0.00,0.05,0.72,0.00,0.00,0.00,0.00,0.00,0.00,0.00,0.00,0.00,0.00,0.00,0.00,0.00,0.00,0.05,0.00}
dual variables: -0.152795083714068, 0.202884311083023, -0.443617545428024, 0.0339484446682678, 0.141746306013403, -0.07, -0.0132883775677609, -0.317220974229512, 1, 0.408430548565498, 0.277430268054466, -0.458440362784494, -0.859476056335993, 0.047522500282262, -0.10403289846852, -0.07, 
primal feasibility error: 0
iteration count: 22
array[N+M], statuses of box (N) and linear (M) constraints: stats: 0, -1, 0, 0, 0, -1, -1, -1, -1, -1, 0, -1, -1, -1, -1, 0, -1, 0, -1, -1, -1, 0, 0, -1, -1, 0, 0, 0, 0, 0, -1, -1, -1, -1, -1, -1, -1, 0, -1, -1, -1, -1, -1, -1, 0, -1, -1, -1, -1, -1, -1, -1, -1, -1, -1, -1, -1, -1, -1, -1, -1, -1, 

---------------------------------

