
ID: AX02356

cn: 793, 0.07, 2.7, 33, 5.15, 9166.08, 
c: -7, -5, -5, -7, -7, -3, -0.3, -5.7, -3, -1.3, -10, -10, -7, -4, -9, -9, -8, -7.5, -6, -4, -3, -7, -10, -8, -5, -10, -10, -10, -6, -2, 1, 1, -7.1, -7.2, -5, -7.5, -6, 0, 100, 100, 100, 100, 100, 


successful completion 1

target function value: -999.304668326894
Values: {0.00,0.00,0.00,0.00,0.00,0.00,0.00,0.00,0.00,0.00,81.96,0.00,0.00,0.00,0.00,0.00,0.00,0.00,0.00,0.00,0.00,0.00,0.62,0.00,0.00,17.31,0.00,0.00,0.06,0.00,0.00,0.05,0.00,0.00,0.00,0.00,0.00,0.00,0.00,0.00,0.00,0.00,0.00}
dual variables: -0.1, -0.1, 0.0869476546566961, -0.1, -0.049906073888541, -0.1, 
primal feasibility error: 0
iteration count: 6
array[N+M], statuses of box (N) and linear (M) constraints: stats: -1, -1, -1, -1, -1, -1, -1, -1, -1, -1, 0, -1, -1, -1, -1, -1, -1, -1, -1, -1, -1, -1, 0, -1, -1, 0, 0, -1, 0, -1, -1, 0, -1, -1, -1, -1, -1, -1, -1, -1, -1, -1, -1, -1, -1, -1, -1, -1, -1, 

---------------------------------


ID: AX02364

cn: 733, 0.05, 1.1, 30, 3.92, 9231.93, 
c: -7, -5, -5, -7, -7, -3, -0.3, -5.7, -3, -1.3, -10, -10, -7, -4, -9, -9, -8, -7.5, -6, -4, -3, -7, -10, -8, -5, -10, -10, -10, -6, -2, 1, 1, -7.1, -7.2, -5, -7.5, -6, 0, 100, 100, 100, 100, 100, 


successful completion 1

target function value: -999.665889337605
Values: {0.00,0.00,0.00,0.00,0.00,0.00,0.00,0.00,0.00,0.00,75.76,0.00,0.00,0.00,0.00,0.00,0.00,0.00,0.00,0.00,0.00,0.00,0.56,0.00,0.00,23.61,0.00,0.00,0.05,0.00,0.00,0.02,0.00,0.00,0.00,0.00,0.00,0.00,0.00,0.00,0.00,0.00,0.00}
dual variables: -0.1, -0.1, 0.0869476546566961, -0.1, -0.049906073888541, -0.1, 
primal feasibility error: 0
iteration count: 6
array[N+M], statuses of box (N) and linear (M) constraints: stats: -1, -1, -1, -1, -1, -1, -1, -1, -1, -1, 0, -1, -1, -1, -1, -1, -1, -1, -1, -1, -1, -1, 0, -1, -1, 0, 0, -1, 0, -1, -1, 0, -1, -1, -1, -1, -1, -1, -1, -1, -1, -1, -1, -1, -1, -1, -1, -1, -1, 

---------------------------------


ID: AX02365

cn: 739, 0.06, 1.4, 31, 4.79, 9223.75, 
c: -7, -5, -5, -7, -7, -3, -0.3, -5.7, -3, -1.3, -10, -10, -7, -4, -9, -9, -8, -7.5, -6, -4, -3, -7, -10, -8, -5, -10, -10, -10, -6, -2, 1, 1, -7.1, -7.2, -5, -7.5, -6, 0, 100, 100, 100, 100, 100, 


successful completion 1

target function value: -999.566168228446
Values: {0.00,0.00,0.00,0.00,0.00,0.00,0.00,0.00,0.00,0.00,76.38,0.00,0.00,0.00,0.00,0.00,0.00,0.00,0.00,0.00,0.00,0.00,0.59,0.00,0.00,22.95,0.00,0.00,0.06,0.00,0.00,0.02,0.00,0.00,0.00,0.00,0.00,0.00,0.00,0.00,0.00,0.00,0.00}
dual variables: -0.1, -0.1, 0.0869476546566961, -0.1, -0.049906073888541, -0.1, 
primal feasibility error: 0
iteration count: 6
array[N+M], statuses of box (N) and linear (M) constraints: stats: -1, -1, -1, -1, -1, -1, -1, -1, -1, -1, 0, -1, -1, -1, -1, -1, -1, -1, -1, -1, -1, -1, 0, -1, -1, 0, 0, -1, 0, -1, -1, 0, -1, -1, -1, -1, -1, -1, -1, -1, -1, -1, -1, -1, -1, -1, -1, -1, -1, 

---------------------------------

